238 103 7 110
102 30 12 250
141 13 5 320
61 38 2 100
259 14 13 170
365 10 7 80
66 61 7 250
241 46 1 130
454 39 9 280
75 126 9 240
289 62 12 280
299 96 5 20
251 77 12 380
237 34 12 310
278 79 6 300
463 88 7 230
137 125 10 310
455 54 7 30
337 132 7 210
418 49 4 140
16 123 5 220
299 13 11 340
317 19 9 100
262 55 12 230
153 50 3 270
360 144 9 340
257 115 13 330
133 32 13 130
71 95 1 370
207 40 10 320
14 77 3 260
38 92 5 30
426 116 0 190
105 115 11 150
85 14 2 350
264 142 5 160
335 9 12 280
474 114 10 160
448 62 4 210
63 89 7 30
54 121 0 220
450 108 13 40
394 86 15 360
29 30 9 220
194 115 2 190
75 82 6 230
369 85 4 250
170 77 13 120
132 136 7 70
289 107 8 170
159 83 5 10
383 74 13 10
104 107 4 110
417 80 2 260
123 49 2 240
344 32 11 60
175 79 4 250
147 20 14 180
259 120 6 280
484 63 8 140
194 47 4 140
311 99 10 370
347 108 7 160
169 59 2 140
108 139 6 300
358 85 2 300
303 137 2 300
123 41 0 240
296 36 2 370
424 124 12 260
420 37 15 80
190 55 10 10
401 19 11 300
387 40 14 370
40 141 0 350
323 95 0 220
30 37 14 190
256 111 13 90
367 12 0 10
39 31 11 50
58 24 10 220
159 51 8 370
339 97 9 40
301 120 4 210
193 125 2 110
232 121 11 140
97 42 9 250
130 93 2 130
153 61 3 240
399 121 3 350
401 45 2 220
234 48 3 160
117 69 11 350
14 12 6 340
395 37 8 10
91 27 0 10
64 134 4 160
96 126 6 180
175 97 1 160
412 69 8 20
445 50 14 90
237 11 15 320
241 107 0 150
40 46 0 60
437 68 8 40
411 58 7 390
295 100 11 60
177 137 15 300
15 71 7 360
232 38 0 150
274 149 8 350
490 94 6 310
278 46 1 80
432 83 13 100
184 113 2 60
192 52 2 280
453 71 6 110
34 150 13 100
248 86 1 260
107 110 13 290
266 14 4 250
482 36 14 80
343 85 1 260
148 56 9 20
409 133 6 150
179 139 5 350
264 10 3 260
437 60 4 280
440 41 4 310
68 102 12 220
472 74 9 60
442 50 3 60
21 16 5 250
72 84 10 180
373 117 13 290
135 69 12 280
447 10 11 370
100 44 12 300
302 8 6 270
463 64 1 50
122 132 13 70
30 96 9 280
208 18 11 390
140 15 0 290
237 33 6 40
323 80 11 110
112 81 1 230
41 55 4 20
54 148 15 290
357 115 15 100
65 115 9 180
337 34 5 20
12 89 0 210
499 82 0 330
424 37 10 30
326 116 2 110
354 31 5 60
367 24 4 330
187 54 11 370
462 5 10 130
239 148 2 370
310 30 9 190
303 48 8 350
433 14 8 90
208 24 9 340
167 70 9 200
406 136 11 10
381 49 3 230
212 21 3 360
130 138 13 150
141 143 10 30
214 76 0 230
20 28 13 240
275 95 10 340
65 108 5 120
465 69 13 350
480 37 12 40
325 53 13 330
320 44 15 160
354 20 10 390
479 70 14 70
253 94 7 70
65 80 5 200
206 98 5 20
416 66 11 270
69 90 11 240
259 112 12 290
424 15 2 70
436 79 12 340
371 111 9 60
208 26 15 200
466 56 10 40
198 83 5 40
17 105 13 150
382 16 11 380
96 83 9 80
389 106 5 120
475 117 2 340
257 112 9 300
206 88 1 100