333536026,333403720
815955790,814673446
440516572,428325022
824534477,819036521
826437157,820609552
608364072,608340478
828573848,823407688
829933135,821776735
771151189,771128504
829900603,825053415
406040560,406017307
414298295,414271793
387677808,387658268
438070993,438046672
382301033,382279004
429326139,429301537
430870594,430852749
450967018,450947304
424914829,424894975
436498767,436481289
103274787,103246843
300587512,300555997
383110939,383078029
388754229,388726203
342645388,342608031
427657542,427637947
183101730,183075815
437659999,437640282
384216253,384182209
443881870,443863781
64902451,64871925
48038846,48008314
313721036,313685635
254054263,254030318
385652278,385629573
396510615,396488923
426338193,426308329
361163362,361137968
296959441,296935260
406338812,406319655
410568980,410549914
413825219,413799244
187972822,187945726
336230550,336206518
275307053,275276668
278036263,278016737
259091550,259066097
333463829,333444082
369856258,369831997
348091972,348072547
306090118,306063617
313707125,313685649
69306794,69279153
130874267,130843854
315449456,315422171
274140298,274101861
373778390,373753925
360945424,360926745
414153583,414129954
426120757,426101648
420779533,420760409
434604174,434584885
440664016,440644460
190452212,190427215
51495803,51467421
57221153,57193723
285178699,285147369
392540263,392515346
289568554,289546959
365941028,365918695
393080754,393043135
389391675,389371508
310343856,310321811
332097016,332074078
287100863,287069902
383245800,383216889
106507894,106481874
56663061,56632638
136941417,136911865
351425298,351401318
379665830,379638057
371914740,371892995
371188682,371169143
449873513,449840968
232089525,232061323
363540915,363512176
118804787,118778834
257956367,257930371
367330000,367307716
311189563,311164064
308456095,308421232
334854198,334829334
383691196,383659971
382704835,382674587
347150327,347123451
389451187,389430807
378284885,378260920
530417321,530386558
310670616,310631082
147724366,147700842
245878914,245849603
202631653,202605241
283383636,283355446
277818265,277793684
230191155,230162877
375254712,375226538
313486805,313458430
291720154,291692441
233167532,233136181
393587989,393560887
255134008,255099576
469201832,469177948
81111117,81083420
300558302,300529173
224638073,224614394
328270364,328248853
314328503,314303160
277619377,277593320
315616413,315597357
371340344,371320775
324686654,324661766
301820647,301794925
254682884,254641455
50781874,50745872
292228345,292196025
421048922,421019249
531332354,531306171
443710892,443667574
463979257,463949980
441025031,440996540
510401578,510364495
598171228,598147502
184017375,183995813
581690063,581671111
577572478,577552451
100940840,100916424
202127684,202105163
206137510,206112407
106684915,106663865
117856156,117828775
290400752,290371238
331067963,331040781
458488155,458465759
340409174,340386478
465304523,465286061
477061859,477043149
379337136,379312038
507421785,507400003
500685265,500667008
198516813,198489184
195078357,195058663
118487633,118461996
299742962,299719466
129686743,129645031
273720750,273698165
368725323,368701139
322253851,322221163
365829859,365811640
413620870,413597654
393838017,393817606
367666397,367645738
49341763,49226454
205838921,205810937
833830392,833802540
369232148,369199171
393022778,392994277
413063121,413038446
426002989,425979491
454486332,454465244
458780960,458760317
463935227,463905099
466133692,466113660
138312306,138282606
91073199,91052937
158931946,158903812
272085711,272044062
346639660,346616323
373952818,373930001
412200905,412173440
347825622,347789411
314390169,314367219
479764794,479740408
490201775,490174607
362767833,362732455
109711367,109684465
136591560,136568220
59773819,59744880
186173151,186139853
259429597,259409957
300024089,299995619
345250728,345227289
297630682,297609055
314392873,314365269
387677611,387654424
272653181,272628206
320027012,320006711
365149385,365130642
61738170,61714303
92950442,92909635
107298193,107270216
192223100,192196090
327608112,327584169
390887671,390857494
383610796,383589666
390572275,390549018
375769637,375749407
367206013,367183896
339216436,339191192
259301291,259276126
283528503,283498470
111088126,111060630
52564422,52537445
301357339,301332007
321983756,321950710
287996262,287977992
231692198,231663270
407324007,407287539
369115886,369086606
363546970,363520614
355669855,355648299
366610518,366590480
416457329,416437754
103005192,102956172
287877555,287831500
342679288,342651947
244013788,243990570
362726165,362703289
346898441,346880232
377424459,377394254
461551053,461531556
389490588,389470879
321938830,321908594
197546787,197519943
488207024,488188123
140364191,140341610
212372132,212341116
331960376,331924586
325835321,325798056
340888525,340859854
330923454,330912597
337523393,337511845
454415345,454392037
453583195,453549297
169109455,169092971
485721853,485676420
122438284,122424831
343285153,343266808
212109131,212090253
287177027,287158002
206119507,206092596
355510255,355494509
369946090,369930805
327561314,327551486
329413783,329400657
332150260,332127046
142795377,142773934
331824741,331808430
71967280,71949238
157600946,157584464
172895235,172875183
259176426,259144202
221096818,221085322
354189929,354173738
341902879,341884903
314171677,314152722
414948132,414933459
283374384,283356367
178814363,178795644
151707832,151684672
254401427,254383069
246383235,246361947
262739801,262719005
279663950,279645302
361940024,361920982
341011285,340995663
279287129,279276832
346872579,346838961
398017584,398005250
346460452,346447617
315088183,315071858
177034908,177014921
141513358,141494207
95338359,95320491
131931600,131913113
120917956,120899950
295442889,295424191
363272000,363252255
271155954,271135553
367834188,367817224
393481515,393465252
367576422,367561106
374851414,374830826
352074690,352059118
521915645,521900858
252605620,252590654
145123458,145102971
113057490,113037738
166814693,115807834
231256068,231234132
237408586,237388502
206926210,206909757
307482000,307464902
330401989,330385769
183376006,183354533
422390213,422378894
495790360,495771218
559137007,559117181
475480313,475463199
571805697,571788781
354008145,353987277
207195309,207179144
221844567,221828949
321455927,321442714
52665476,52644798
221741988,221726365
223995592,223971409
241930835,241913741
299857032,299841987
251514860,251503779
394958615,394944952
340458849,340441182
399165226,399151646
360103189,360086491
405732824,405722629
143185540,143171035
195148417,195131334
58136880,58120163
284299554,284283910
345053271,345035207
315563426,315545200
257784251,257767877
336003004,335989859
248403575,248391447
316602294,316589292
310353474,310342407
357765863,357753333
314244511,314233149
66148180,66130343
241434809,241417548
260900105,260874666
285911635,285882679
215228349,215213750
337785709,337773624
348628122,348583203
333121095,333105768
303994736,303984920
299282717,299272815
306625215,306615192
77048979,77031511
304409976,304390311
309327663,309309084
279991668,279977939
168254620,168239264
379778364,379764762
412934274,412921562
386251801,386242111
407215790,407205585
400829901,400820454
369041619,369028782
75619329,75601639
143687662,143669093
330763315,330748925
293245906,293231182
316498621,316485833
257584534,257573458
285168644,285151532
334125261,334108664
376262969,376251239
390441932,390431552
386716297,386699466
59159768,59142410
57442834,57427079
205575478,205561240
290802253,290784027
315259770,315241886
328419830,328405569
305882019,305867840
360315939,360306283
282157449,282143189
67319375,67298850
310727430,310713173
84389359,84371815
656945370,656927087
295676498,295660067
291165217,291134613
359159036,359140905
407533349,407520403
423154372,423144263
404687512,404677696
242640537,242626862
412298013,412288532
434675665,434647650
68137681,68119119
234905769,234892313
282873723,282858064
392489523,392468337
393651083,393641917
360820789,360803447
459588201,459577410
456872023,456861645
429051013,429037695
453565944,453540764
110472632,110412809
132937597,132897068
147655175,147639636
212940526,212925274
208505353,208494405
247931761,247896433
222235182,222224312
322836099,322822254
278109486,278100949
279185691,279176653
353720205,353707117
385855258,385845708
435469004,435440094
153144016,153131873
251408657,251394851
226939162,226927281
252649348,252640789
180687505,180678038
285566648,285555596
195770953,195757921
316247350,316223435
237611212,237601775
259230048,259217542
239946087,239935773
248315759,248303768
249466899,249456477
302190310,302175151
273402293,273393539
295064928,295053078
293885720,293873667
338674820,338665950
316314945,316303812
315531430,315521149
346834629,346820368
144262861,144248712
262461702,262446681
322574745,322562984
276670088,276654424
299960754,299949156
308359825,308349913
294441867,294426377
406047566,406035612
455435051,455414030
299078370,299063993
351952335,351941240
361700880,361685033
309979816,309965343
247167294,247152095
177658471,177645372
356330588,356316543
352042447,352028633
303545127,303534760
260480258,260467168
325451520,325425961
134722981,134709604
335451292,335436911
313461521,313449256
343843571,343828568
260676061,260662393
385438332,385423493
364377092,364365314
369733400,369724315
365193621,365178593
424835159,424819965
385091763,385083103
146369011,146357254
120952797,120938702
209600290,209586094
322617057,322572788
353650308,353636154
267889686,267876776
301978500,301966775
330608645,330599873
251471842,251460227
248313584,248305230
339020905,339009125
69870304,69847534
422288702,422278794
60481288,60467029
199900949,199889439
212837114,212821943
341400968,341389470
385875075,385863442
342517181,342506171
435401697,435387426
459054761,459044086
430855076,430842553
329771799,329760335
199950270,199937753
160272208,160259806
141162070,141146576
214215097,214203823
305873564,305861179
209690830,209677051
341577949,341564214
239743401,239732478
155387194,155374269
322132456,322119965
311669648,311660020
352421128,352406455
94976848,94962986
227820256,227810216
291617202,291602663
235672475,235659800
285791174,285780203
301792691,301758776
371340716,371317555
391783943,391771339
335881628,335865106
328392804,328365605
413743890,413734864
388771288,388758212
171208268,171196192
110478272,110466132
45389411,45374392
251710799,251695836
315167301,315153149
346745162,346735129
461844885,461832126
342809629,342795787
374405112,374396822
391120851,391107997
456782322,456769416
152199629,152185491
103024240,103011997
201166485,201156471
320539067,320509900
312352686,312339087
327483012,327474655
335805888,335799116
374030955,374022801
466249715,466234889
410587862,410556224
418499238,418492267
97798410,97789948
105775991,105762527
269498343,269489947
334287246,334277710
368186433,368177129
389336474,389329763
412985195,412978045
324474660,324466883
316492495,316486081
276690309,276680825
349830451,349822415
76201210,76191326
48205544,48197798
180949072,180939182
392973241,392962765
373675536,373669356
296679684,296671680
391220647,391213763
416807266,416798747
437737287,437726897
363992860,363980867
366553796,366545224
243362793,243354256
185727393,185716675
199567451,199556763
371195690,371185158
344329106,344322665
405954494,405945391
383856518,383847309
424800394,424790708
430470846,430462271
450374017,450365281
203661106,203650056
462063323,462056657
52695205,52684193
131903223,131893144
354277802,354267791
361726556,361717881
415377510,415370502
317981518,317974964
357316072,357306169
212123145,212114788
344666899,344659624
392513701,392505471
369981273,369975114
415948894,415941384
43263853,43252224
190670517,190659109
290030223,290021023
367356349,367345583
311581156,311573255
388962462,388956351
406678519,406669387
363985780,363975261
450245625,450235705
475322366,475313678
444850191,444844380
165277918,165266914
70948740,70937532
219371522,219360243
184113469,184104006
287595461,287585751
253287529,253266520
262060716,262053084
291643894,291635739
324483389,324476784
236590722,236583097
227968693,227962283
294447787,294439652
41082365,41074028
48891743,48881429
176074503,176065421
302346639,302338293
300502136,300495822
244043496,244024657
330389656,330382248
299837980,299831599
319120797,319114545
346607247,346601007
323688148,323681837
324381343,324375768
52249171,52238331
171400604,171391826
234856206,234837068
286549324,286540800
249795046,249788725
309592488,309586600
317071087,317064797
308570010,308563707
346218251,346212205
358808540,358800713
335912863,335907171
132474712,132463166
306702260,306692364
280398469,280391102
270885863,270878881
362060116,362050663
400052757,400044217
394624506,394618677
383611083,383604700
417436716,417427391
307959188,307947114
283518395,283507582
258337895,258325407
275287390,275275759
334660245,334651795
234259042,234252815
323237875,323228627
195436216,195426190
378997554,378989698
434985826,434974460
369450625,369442058
392110363,392100382
563930110,563921525
268315841,268306657
295300049,295290097
333637919,333627780
294187028,294176630
192536521,192525645
120055799,120047739
296821611,296814317
267488097,267480791
323431168,323422860
273112612,273098573
139443525,139431366
143655543,143644840
249518365,249508750
305756219,305747013
249576887,249568358
277372042,277363004
223151312,223142082
279143070,279135216
339520912,339511443
344167531,344160286
360766056,360756736
234069754,234061782
94565516,94557553
59301855,59291112
270191009,270180371
314578165,314571665
287037792,287031243
241157610,241150620
379694039,379684216
327128274,327121953
403882507,403852084
381417492,381410102
353170187,353154466
362802451,362795921
315360415,315307279
260645768,260623723
276143419,276135968
291511726,291503059
380250146,380241468
323359431,323352785
391571589,389056018
328458644,328452055
323618257,323611412
339781468,339774310
42503398,42492387
306002018,305990226
275518002,275508683
272899419,272887932
352191241,352184770
311328434,311321156
318142794,318133054
415797903,415791069
364082876,364073804
491456855,491447450
616231357,616221855
253945271,253932623
277603516,277592545
375686876,375675849
398698875,398688455
346444364,346436165
317730799,317720929
312183028,312176129
215453325,215441647
207979871,207968360
466658442,466649752
390123936,390116839
59830258,59818668
142524387,142516308
232447379,232436910
219356683,219347709
264855676,264846826
106750801,106740006
214941970,214932630
310191795,310183938
275433461,275426257
299333195,299326406
261666325,261657891
247948216,247940500
155687162,155674535
184443653,184431879
257195915,257185213
243705233,243697909
250685038,250678328
256820897,256813921
274548363,274540400
274585329,274578892
281298246,281289771
303227571,303218539
170826867,170815148
137835682,137827015
189561459,189549858
145723432,145712969
182084940,182075280
229532494,229518137
218271827,218265389
224632931,224583696
190550970,190539420
232390181,232382966
244994141,244983909
248424107,248414276
87964410,87952380
99222215,99210610
242633593,242622236
193364174,193356004
280883361,280872397
240429783,240420902
331523634,331513573
316012176,316003836
314618321,314608934
369782262,369772301
280038629,280028718
244439719,244429379
97539513,97531037
129449354,129440846
44569669,44558419
331019138,330996031
316612534,316600263
383713949,383688309
420521494,420455788
437666151,437658130
365424058,365419156
345789279,345784148
326932006,326924499
429639370,429634271
76409229,76402881
187840737,187834937
145393470,145388306
195971106,195960891
196607108,196602203
283512516,283506817
273709646,273688498
350741855,350736139
347557720,347553086
375437593,375432013
399213303,399207842
229590415,229582624
363720146,363713863
416536250,416529486
440488954,440480640
208145686,208139916
260700256,260693440
305118506,305112151
273869358,273862228
552074140,552065862
407832543,407827886
280699301,280690655
222379365,222373883
250110490,250104164
143026956,143021543
185227368,185219819
374453839,374447967
306005454,305987697
271037395,271030160
266535515,266530226
337679702,337675032
137018836,137012719
334095303,334087968
378669443,378663197
430322613,430313310
273907910,273900926
270855295,270848254
415667470,415662601
346660624,346654558
364041011,364035000
275229817,275223211
371319469,371313526
118286964,118281014
141664359,141659171
212515667,212508363
83504158,83499018
218830987,218825702
113793077,113785704
307410841,307404459
315382337,315375765
337912503,337907631
248491058,248486682
260656860,260652599
347491436,347486221
264746228,264741651
355265537,355260388
295246261,295241127
333709308,333704667
208116588,208110140
169125641,169120461
168341608,168336168
166011000,166006364
252885168,252878577
279807517,279802673
322463756,322457033
236849021,236844126
240059151,240054364
241110533,241105929
225201967,225193472
228931557,228926442
156499016,156493423
294931217,294925531
237614378,237607752
330334913,330330194
238239811,238233058
261864215,261858632
245565082,245560515
297625480,297618950
78973652,78967360
177760489,177740789
216028923,216022294
224232830,224225680
182518056,182512471
188737190,188732331
226514183,226508361
246501804,246496358
267271349,267265618
277860352,277855787
150647170,150639477
303265666,303260881
147872828,147866620
317177245,317166975
258450748,258445097
221416642,221410135
256647051,256641681
308713608,308709112
230227786,230222483
351123015,351116563
314858201,314852297
355656385,355651357
271356318,271348789
354736073,354728991
271790721,271782769
321622326,321615812
264540756,264534990
337794386,337787633
340723492,340718361
299427164,299420044
382845004,382828275
327649555,327644778
131514884,131507279
103880353,103874557
64696738,64689117
287524747,287509647
249085736,249080316
243640334,243634164
292750971,292746273
318329848,318324786
303172900,303166901
308635692,308630911
373629271,373624293
204346972,204340943
30712030,30704806
134297780,134291806
485512095,485504379
243567510,243561144
383421344,383414497
359218337,359212415
446968546,446963728
448077954,448073686
449120819,449115293
524610852,524604875
396367840,396361751
277036003,277029232
101273705,101267334
169999513,169991424
206471172,206462019
270977216,270971261
284687568,284682775
257572849,257567612
255909615,255905275
291050706,291046085
269388990,269371869
341160375,341155537
307791022,307786065
78665470,78658427
187527018,187520504
102722871,102715983
232186367,232178482
282431593,282425600
215941776,215935620
266254964,266250696
303021540,303015104
263113627,263108780
323435394,323430018
98974264,98965928
365217805,365212313
114149623,114141997
87435281,87429280
199353181,199346825
314222250,314217438
305668724,305662921
343584386,343577877
299180313,299175177
251217449,251210615
363511202,363505288
379990388,379985490
387119458,387114893
161764730,161757774
50390456,50382472
173807485,173799116
139128317,139122822
216852835,216846507
312488825,312482286
268838400,268833076
304427520,304422783
381793136,381786982
385956992,385950707
382323653,382317550
407405787,407399432
152126894,152118508
198128930,198122517
118336522,118327893
247955547,247946772
290875106,290868755
269734935,269726358
281087376,281079576
258411683,258406225
283015896,283011145
291290084,291285564
274508340,274501424
315945888,315938408
132067299,132059076
212778538,212770035
229191794,229183457
265738355,265730070
169288004,169279631
285250846,285242698
305229057,305223044
459907250,459899266
475010273,475002869
324800207,324792844
327810205,327805568
314378809,314372265
240843658,240836249
181329318,181323261
347919013,347910275
342021023,342014867
409382562,409375370
157724461,157718189
201794960,201786722
291114117,291105706
197723123,197715900
228456360,228451583
229217961,229213300
72471426,72463326
175892567,175885958
173284040,173277630
199562215,199555692
188906930,188901623
174704962,174700481
186943137,186937081
221994688,221988477
197867276,197860605
89891546,89885491
91626601,91618878
136820003,136812065
218686920,218681252
245738692,245732558
177103235,177096895
246258497,246253918
274459341,274453935
264769916,264765406
267245429,267240758
200777503,200772507
254844522,254839425
63405031,63396238
61027679,61022497
131854527,131845796
238499286,238493608
239033282,239028772
295702329,295696649
262709909,262704381
323351553,323343801
314179477,314173914
308479987,308475345
350492606,350487351
282087456,282080376
74659102,74651096
238163824,238156619
257367012,257359997
282173835,282166153
208324236,208318380
315692527,315686807
323555946,323550606
311505448,311498805
313958783,313953129
307916150,307910393
447586003,447579096
135578409,135570140
136825757,136818331
199475619,199468542
150616903,150611957
189611313,189606314
263779615,263772764
274587649,274582228
171818647,171813485
221265192,221258935
257559345,257553373
200216068,200211212
209859287,209854317
145113248,145105665
225234437,225227370
196947877,196928717
223854446,223847734
198518721,198512236
239443432,239436002
249150899,249143086
242960331,242952272
369820413,369815867
353006125,352999372
270652165,270643809
263684524,263675345
291952836,291945411
261928011,261921519
267499145,267491513
240030050,240023592
190680261,190675517
223083341,223074944
287551990,287545478
208905366,208896574
220827835,220819852
233840943,233832650
213500396,213494022
254155638,254147249
298428909,298421891
336199771,336193751
292203342,292194544
277212767,277204807
245662598,245655495
248476538,248468278
129424404,129405867
184333424,184323426
299227592,299221101
345671746,345665555
295470964,295465112
417733584,417712873
466943723,466937358
473228750,473223874
476120796,476115124
528911081,528901897
528094351,528086535
315467600,315460110
200980590,200972287
239398368,239392153
303950424,303943315
339865465,339856695
280869397,280861576
384924658,384917120
386445241,386437605
313036819,313031719
426375958,426367342
331549709,331541475
362169245,362163398
362027675,362022766
411676075,411670275
59334961,59327816
75931677,75923522
81497561,81488336
145978443,145971437
185233823,185226058
137767681,137761334
175998359,175992435
215336067,215330932
222474026,222465877
265728299,265721785
232016331,232008171
295661070,295655452
336242069,336235492
208800454,208794338
207683090,207675751
239166811,239160563
345157673,345152468
260012442,260003884
375087801,375081794
291665005,291659000
342845005,342839246
363601015,363594616
147983598,147978814
194323491,194316877
197828377,197821519
260426509,260418165
180498406,180491539
290073593,290066298
256425358,256417726
353841238,353835381
330691980,330686657
251036757,251032076
302937984,302930004
335483040,335475402
423749098,423742577
155932696,155924676
125524157,125517898
334037726,334031769
280142986,280135237
353221274,353215117
354386333,354380178
175494244,175487640
161823903,161818953
254201721,254196902
258986270,258981335
50348838,50340692
53454727,53446868
94846440,94838043
246434741,246428755
268086551,268080619
224798353,224790986
293193048,293173942
347181984,347174516
365814306,365808003
374974192,374968521
374175479,374170794
275201855,275195543
201260783,201253612
233565351,233557199
295731010,295724267
292276125,292271076
201621001,201604352
373160356,373152358
261683020,261676674
288484502,288479529
299445015,299438958
262802707,262798276
289031856,289027665
65065307,65057107
97277904,97271195
108318888,108313898
175710931,175702478
257864279,257858113
189816819,189807805
285898160,285893161
301552769,301546513
228640641,228633901
302504204,302499553
302332425,302328030
242285890,242281058
251059541,251055057
128417044,128409527
87530726,87522714
284091757,284084770
283471197,283463845
300222996,300215361
298155085,298150309
230316922,230309695
310617372,310582673
368091236,368074854
367931334,367926690
330115997,330111411
375542591,375537775
111703929,111695282
82155031,82146931
119652261,119645939
128535849,128528331
249015115,249008408
266649695,266641248
251803440,251796849
270519328,270513987
314942788,314936694
345761553,345754978
346655168,346649061
329803480,329798906
66696152,66687576
52140967,52131979
207753937,207745959
244550292,244543622
339702131,339695723
349313037,349304448
317781423,317772821
295278938,295271360
303282321,303275161
348993876,348989046
328337409,328330466
170285583,170278503
610920597,610914020
28296457,28288890
171617611,171609255
242625411,242617315
338147286,338140704
309382267,309373317
342788067,342783182
307163694,307157210
405115758,405107789
435586630,435580297
215269441,215259911
423918413,423913879
67531892,67525423
324216784,324210752
316935525,316930122
256896975,256890440
285842949,285836351
367623581,367615775
275795645,275790970
299439631,299434919
356502868,356498024
364446469,364441170
285145212,285140273
48524359,48515926
243830468,243823811
267570690,267565128
261603294,261598756
271311688,271307630
284900684,284896033
284805815,284801041
299730857,299724177
279173382,279169017
285384825,285379708
223135604,223129422
213855953,213847357
209506721,209501420
211983870,211977731
220467287,220462305
181300161,181295565
187635134,187629761
199382330,199376296
247317327,247311434
283749564,283745069
255756576,255751936
161362598,161356595
232929329,232920106
228575078,228570432
228150792,228145218
334461506,334454741
339292498,339287967
315667073,315661197
279818734,279810354
387893234,387886673
99183927,99175828
423107714,423102360
58544421,58536408
214912103,214905837
359595872,359589354
304045881,304027028
386753396,386748573
423922035,423914870
423987429,423980711
447137096,447132447
433755621,433747123
354644192,354638114
116015880,116009848
324675245,324669137
260894307,260887807
344885829,344879212
366513937,366506088
378189128,378183652
361908026,361889987
416985462,416980517
378238311,378232836
557328704,557320298
275528399,275521364
231038324,231030826
331619936,331611766
391476082,391469116
337267660,337259433
351536088,351528425
474860935,474854974
379461287,379452431
473134038,473129283
195568409,195560885
372009658,372001470
371234714,371226675
451715180,451708160
257903645,257897497
374105041,374097644
384800419,384792737
300964854,300951801
392861686,392853674
336558227,336551378
304410557,304404447
246899270,246893382
434565693,434559301
390336620,390328579
266596582,266589430
402359148,402352286
460364805,460357447
283437560,283430095
245165688,245158651
272431551,272424086
327379765,327360032
327505129,327500132
403194154,403187670
333203119,333197912
410485805,410478482
357461135,357455720
393294485,393286298
187616291,187608668
515763474,515757053
227634259,227627750
245203765,245196380
305023402,305015424
747431699,747426033
338102960,338098278
221402920,221397698
218563061,218554610
395553316,395546371
297054488,297048752
412381281,412372544
321342358,321336164
383434160,383427433
407691554,407684634
513531469,513524941
408013767,408007811
295032550,295026743
321703396,321697011
187386101,187378292
166855032,166849712
184928863,184921634
268484678,268477673
149713651,149707926
278221647,278217482
294366790,294360329
465351326,465345940
401197570,401191308
458877001,458872446
515375392,515368465
335370405,335363866
324333577,324328020
316876655,316872307
272547228,272540910
211730807,211724335
274274029,274269506
97252252,97245289
390922619,390915220
351529673,351523760
330988343,330984011
352715267,352710460
334457952,334453787
332502825,332497817
283149536,283144319
379731898,379728169
358251211,358246946
398896855,398891454
48196506,48189165
201406872,201400788
368202610,368194720
412040313,412034638
431386220,431382433
440376689,440371670
403229238,403224180
222428476,222422797
459816793,459812692
458552435,458548618
460943283,460939005
445174395,445167755
81464814,81457520
263416536,263408427
241712702,241706190
284241182,284235447
300142818,300137487
372234397,372228468
371768168,371764960
391046099,391040480
425412333,425407407
445731581,445726787
84974088,84956158
219458709,219453078
274536462,274531328
267832512,267825480
386455442,386447960
351510927,351505963
384455848,384448598
349694902,349689530
500596909,500592284
463673978,463666881
414925991,414919189
231554615,231546818
177484221,177476413
84752836,84746943
297840053,297833970
221734810,221728335
347637642,347632008
464414856,464406726
464472975,464467463
455745305,455741165
459323341,459318339
527550877,527546827
326725818,326717976
568630161,568622788
313314890,313307048
254756852,254749182
335725015,335718135
243751279,243743677
291841584,291835894
314667805,314662417
338996489,338991865
290518291,290512532
104554118,104548329
187900352,187894715
447224483,447214753
392038878,392033889
238156300,238149482
47386375,47379239
57094748,57087401
260631151,260622137
317229542,317223856
385879818,385873905
341605702,341601345
381510855,381507044
424380304,424374406
437343063,437337192
411961165,411955360
449153846,449145980
138205581,138198457
228349564,228343086
590259129,590251892
315517277,315509735
361008815,361003462
379516607,379511440
252544598,252540707
388212759,388208246
455367791,455361555
366184680,366178194
444565801,444559665
289086035,289082108
301436841,301430491
140451016,140443008
65401678,65394012
305008458,305002721
286579029,286573998
358154144,358133194
356142693,356135994
284250049,284244704
380367983,380363049
330615682,330608708
353687796,353681784
346109531,346104994
335780897,335772833
407056693,407047049
430035288,430030286
432465065,432458035
454034215,454028293
462344694,462340773
463099933,463096223
443613949,443608037
447268470,447264499
101203461,101196764
635805573,635800432
182344933,182337101
299485709,299480153
367525555,367519732
412730078,412725863
386840238,386834422
434614908,434610068
442163815,442159906
461726458,461722100
237808493,237801332
498943372,498937760
139108261,139089599
277362801,277355527
241250187,241245179
291441850,291436073
273935123,273931008
318817632,318812739
277994120,277978207
377886140,377879308
252422642,252417890
39157565,39149604
358907026,358902539
151906769,151898709
250753322,250746925
254205243,254200899
280073518,280064740
301019063,301014993
294442122,294437738
288198188,288193568
335166947,335162178
355120936,355116770
220298372,220290964
153320463,153313055
240853956,240835335
216048232,216043153
243912049,243907379
272703694,272699258
270411101,270404821
178550269,178544263
260858128,260853154
326106166,326101673
286571982,286567799
181877569,181873407
182941028,182934852
235563931,235556701
226432374,226426210
292685636,292678996
355662364,355657871
299664799,299658117
249033848,249026634
411320581,411315320
480220768,480214439
254013131,254004966
523877529,523871772
199293842,199289232
370355240,370349003
122439040,122429575
257803844,257796521
331147012,331142786
247021867,247016667
475590145,475584033
196111744,196107511
326833196,326827273
340344307,340338096
280764941,280759964
169846308,169840434
222386281,222369416
285578923,285573312
435778421,435771000
215787146,215780068
157078466,157073160
334819266,334814181
335637311,335631777
434048487,434043776
334079828,334075273
317719455,317712092
411542983,411537005
405778510,405774060
170909846,170902580
145711999,145706752
387198468,387192056
209309573,209301939
157678333,157672176
223436577,223430977
148986035,148982114
172297219,172290467
307676808,307669001
233126421,233122023
315992372,315986874
148913823,148907655
143202235,143195308
223471021,223465168
222709255,222701343
296293088,296287026
250552306,250546790
353734286,353730440
280601538,280597348
261086406,261082083
341067005,341060608
318626211,318622141
313098470,313094620
307435993,307415422
161574120,161565705
225952421,225945768
173650042,173643378
187981238,187974491
152623079,152618981
328980069,328972933
220343960,220339171
256957723,256953321
337749101,337742846
291854006,291850098
332921014,332915819
302401943,302395579
293785851,293778151
223751131,223746493
251676207,251670014
438493820,438487905
344583788,344579189
245147253,245143145
220265169,220258702
317505488,317499291
205609956,205604132
336713266,336709440
121406881,121401106
319614360,319606975
294098809,294091491
297293336,297288346
319468442,319462160
326453787,326448766
229737198,229709507
343158260,343154513
209897944,209892579
277838450,277832272
244530634,244523390
284796217,284790276
289298789,289292016
110303721,110295742
227467656,227463457
232876641,232872144
239366375,239361982
227624090,227618670
231901165,231897042
301725948,301720046
122938472,122932597
369694970,369686470
288320169,288315281
414975260,414969512
394988994,394984096
545783991,545778418
325869281,325862874
477610852,477605300
465853594,465849086
430076681,430070514
307776378,307770258
181963928,181956621
51078156,51071028
214433962,214427062
201149633,201142772
297071532,297066382
278657064,278652932
275794815,275790810
276505495,276501438
309915458,309910971
131152659,131146665
321331228,321327265
311417473,311413159
99023667,99017328
61551196,61544445
130892820,130886388
152067958,152062071
154171391,154167236
183920697,183916796
196984721,196980194
259997105,259992584
252312458,252307148
268513334,268508995
240176432,240171248
155776775,155769409
48623805,48615899
135933446,135914344
318677481,318672115
336981674,336977663
303942639,303937257
345376504,345370535
198513066,198506643
352781381,352771981
345056633,345052338
234717560,234713184
120688371,120683442
160249293,160231038
212410036,212405154
214094749,214091738
246906897,246901827
226536258,226530816
215385094,215380969
247920997,247917711
256637172,256634092
296086549,296061598
265048205,265044357
110107612,110102005
113527813,113521270
133539764,133534458
192959046,192954507
176105310,176098720
221031487,221027149
195872682,195868723
232026639,232022455
224257797,224254744
124090364,124085667
225328051,225325122
207141776,207138425
98326143,98321542
266188138,266181863
215138532,215133128
214538950,214527703
303723266,303716713
293160829,293154714
407276049,407269928
271625400,271612195
354463822,354458857
356014297,356010821
379017761,379013034
244973158,244966712
295586996,295580014
350773491,350767387
267767460,267762140
272487973,272482680
431563309,431553055
352468993,352464289
404933154,404926166
381870424,381866393
399008556,399003493
247555995,247549922
367754148,367747397
411745367,411739544
348503421,348499046
635615672,635610473
368062275,368055498
367619843,367613327
471676872,471670222
426453875,426448156
471713730,471707455
233014029,233009330
240281147,240276492
663620641,663615393
386438008,386432917
385919151,385915912
447183830,447176906
340800652,340795877
319205642,319200685
335636648,335629823
464070936,464066255
466125263,466120494
472135112,472131728
423605976,423598790
431766528,431760716
291699335,291692947
464217954,464213855
450899494,450894465
431722587,431716558
511836883,511833854
377359035,377353939
415350431,415344937
203707467,203702825
447605544,447601404
383569749,383563458
383242503,383236563
375424851,375420152
356017940,356011080
249985666,249979656
339378801,339374623
367457105,367453367
300117904,300113013
316575643,316571588
400833886,400829329
259602471,259597167
176738079,176732970
232160123,232155487
133383659,133377273
237680166,237673952
265219954,265214840
239837847,239833363
267363521,267359371
211938186,211932158
291369136,291366046
293887953,293884461
293823212,293820232
301395069,301391691
329972510,329968343
75840751,75835495
142641415,142635890
220454508,220447584
244978891,244975263
240398393,240391582
232709196,232705274
269769854,269766346
213339128,213335259
260168214,260164363
268298451,268293918
247090946,247087650
91669710,91659250
76016482,76011622
186372379,186359556
319886469,319869816
319887269,319881208
445287819,445282688
390519094,390505888
463617210,463610792
404488594,404485495
365303425,365296970
530357326,530353016
111701395,111695390
506451118,506448245
216913159,216907257
245475917,245469302
343306511,343300142
416158143,416153679
429978921,429974880
460957629,460952223
478124117,478119651
440231555,440227020
511160543,511155789
272015752,272009986
390073017,390067433
447794196,447788924
331790149,331783334
430162789,430157880
355469763,355464647
323674765,323670045
260235021,260230409
331449243,331446134
444944119,444938683
441441631,441435696
507298356,507292746
315566823,315562264
181590953,181585494
278119828,278115266
373311020,373306878
362411325,362407815
290982183,290978333
283458672,283455569
196328330,196322261
143119447,143114996
171503243,171499341
339815526,339810128
211800841,211794870
430915294,430910460
399804288,399800034
415776985,415773355
435197901,435193709
419007271,419003926
264782017,264777482
280128138,280124298
379090602,379086001
227229961,227223391
235753410,235747157
290138404,290134238
291597083,291593575
265913970,265910205
307518450,307514716
278215010,278211778
279777282,279773343
308431078,308427752
293797046,293794173
86339514,86334326
78326339,78320217
375867037,375860451
384062846,384057424
359626384,359623086
279485741,279481330
339942021,339938918
385453457,385450026
375152254,375147996
356879371,356875622
47793913,47787494
269461782,269456312
305056733,305040560
304666347,304663425
345638171,345633655
336499756,336497091
283602647,283598258
370361051,370356923
341978953,341955719
412068240,412064345
203443166,203438629
67740657,67734689
132154501,132148631
243798282,243793695
257890625,257887505
263469424,263466179
286110025,286106477
289148289,289143589
229822037,229818579
313183704,313180529
280038165,280031096
295827049,295823243
172577423,172572182
53169445,53163221
208239784,208234048
164736887,164732168
192291336,192286836
183588900,183584514
224348212,224343678
251712765,251709823
190188417,190182130
283635164,283632412
286025849,286021264
302448145,302445098
82004119,81998794
348758967,348753896
350034550,350029687
316196234,316191050
273885102,273881744
255150683,255146140
361409685,361403139
364064854,364060416
365852376,365848184
356425927,356422735
411445434,411442042
236134180,236128168
283449277,283445355
339451191,339444747
219689431,219684111
329284069,329279894
278817849,278813427
280127787,280122569
271722529,271718687
301439300,301436041
283110327,283107245
238280930,238274757
260255773,260249948
302555867,302551375
372013668,372006986
373182505,373177826
317371784,317368558
395917347,395912043
352517445,352511885
359539590,359535782
154204063,154199227
394831120,394826209
88795032,88790361
197512122,197506875
249971566,249965549
191685878,191679216
252461777,252450290
216879780,216876589
209571148,209568056
254619251,254616052
201878115,201874287
233546464,233542308
239729618,239726438
60048895,60043945
51792765,51786418
66097917,66091526
206698759,206693860
275338511,275334929
240050832,240046161
297562106,297559051
217324360,217319597
316895375,316890996
339313690,339308770
405433213,405429209
476769816,476764728
363728710,363724383
227847547,227841029
231792131,231787895
382396259,382390175
200079900,200075351
392253841,392250362
304853329,304848575
99773053,99768482
178098378,178092195
281994714,281990360
341429381,341425742
195491488,195487323
203940529,203934626
198551718,198545689
192575909,192570634
240744467,240740563
216113007,216109410
277679750,277675253
211404185,211399838
198813135,198806788
248412540,248409250
342278473,342273541
243478211,243473295
277438009,277431815
225883281,225878930
339201774,339197338
394498476,394493107
336840292,336836999
310391091,310387598
349811089,349805074
426677982,426674026
217571407,217568286
221051408,221046947
95094601,95088156
46950496,46946418
286546352,286527949
254539461,254533689
344640524,344636499
377895774,377890951
364510856,364507805
400351109,400346382
386303051,386300067
294733636,294729140
326734645,326731001
397990984,397988024
238635059,238628394
313640398,313635787
304781865,304778356
344147721,344142833
375683162,375676201
369520283,369516611
307701648,307697233
308537221,308534542
334199091,334194215
36933497,36927825
25623179,25617586
31770913,31764818
19042154,19035964
43098258,43014134
47250833,47245049
65000925,64993345
48879880,48874102
26447582,26440819
44199268,44192427
37850888,37844343
27437623,27430932
45835087,45827971
37991856,37985101
43624485,43621177
24214150,24207974
22925105,22918976
36346071,36341030
31840798,31834648
33404645,33387500
44161836,44156691
29126275,29119324
40735094,40729024
75805289,75800357
89496211,89491530
53952659,53946685
51848181,51841737
39291814,39287804
20984194,20978263
39800048,39793933
46020211,46015039
24920234,24914408
51907449,51901003
25661799,25655566
19545555,19537547
40112724,40106102
24750516,24744373
30978791,30971356
40200041,40193580
30953071,30948618
24101771,24094876
28965723,28959126
29410268,29403834
28954894,28949060
29515930,29508667
26813153,26805677
61078828,61072312
29777167,29770980
41656880,41650878
37821527,37815376
64745331,64738731
68896220,68892759
27913613,27907047
61370778,61365102
68135213,68130945
31599768,31593636
24924292,24918363
62500099,62493363
28832319,28824997
25061722,25055351
25053697,25047271
25765316,25757884
22062819,22056319
25010466,25004562
44832550,44826354
41852607,41847025
51305168,51299349
80790766,80785778
51706302,51699477
25925683,25921068
30428234,30421998
37702856,37696320
34287850,34281471
40211906,40206027
32254662,32248586
14657940,14651011
26643633,26636925
33865292,33859062
30730400,30724652
31670281,31659379
18993706,18986932
27009387,27002728
30174866,30168394
36101560,36094457
36400608,36394348
25801229,25794268
37343186,37336568
36268183,36261335
32863232,32856784
38140971,38135018
29921746,29915888
25365972,25359919
27429878,27423543
25101074,25095158
29641966,29635139
29723976,29717107
31913459,31907235
21041847,21035271
44952511,44945906
107176975,107171447
120583885,120579507
114801491,114798330
199059979,199054008
155821753,155815847
112940603,112933144
161736950,161733622
161807810,161773039
172655756,172651569
24651633,24646015
20765827,20759443
27321927,27315434
46754476,46748425
43043774,43039164
23059740,23053164
30288456,30282413
27473735,27468201
34555925,34549966
24804478,24796218
23538654,23532157
31178578,31172635
57420738,57413311
55124802,55119791
39062076,39055153
38266200,38259778
18571032,18565339
43256593,43251585
77241006,77235838
72314377,72310843
25921278,25915005
28901736,28895062
47860121,47853249
69569909,69565526
78962308,78959671
22438387,22432437
27926400,27917795
29325754,29319434
51623849,51617399
51619117,51616158
36465568,36459161
40892269,40888886
23556821,23550519
29654463,29648531
51610423,51604312
26835736,26828685
76720415,76714985
41748822,41742580
68583979,68577944
69893924,69887700
111703270,111697497
61278817,61272961
49081214,49074700
42100742,42096337
21521752,21515356
27546305,27540238
32785850,32779886
34327025,34320961
25271943,25265714
39400827,39394547
24933341,24927707
62722784,62716917
90171194,90166504
65434510,65430120
26980643,26974556
32652590,32646998
25063965,25058036
26707571,26688541
48218316,48212208
24052707,24046097
46227545,46221454
65807320,65803843
25205012,25199093
25216015,25210219
24395432,24389385
44512079,44505825
56921772,56916211
64946983,64943096
55050869,55044127
50395452,50389061
131144482,131138458
91452446,91448210
82546188,82540135
119644737,119638646
171774267,171768134
183600817,183594307
223143767,223139575
193639677,193634227
101756342,101750673
156150101,156143031
69502102,69496207
66570163,66564033
99776405,99771674
68402544,68398477
69139591,69133130
45251066,45245310
51414527,51409091
52878161,52871416
131081091,131074341
147843233,147838477
202515035,202510409
166255294,166250068
146981457,146977623
62255196,62248637
155016611,155011946
136190195,136185738
179351765,179345310
116650154,116643661
119460306,119454440
143445095,143438319
160270185,160265960
90132442,90126568
48588263,48581605
58928219,58922077
87907639,87900126
93475431,93468627
73531782,73524497
75446241,75439714
88439292,88433345
188269904,188263647
158860465,158854298
174902416,174896930
114365771,114361214
50768105,50761627
113837972,113831647
200937482,200932357
139603089,139596399
229474889,229471469
75323881,75316942
51097947,51091761
123075515,123070391
175204172,175197869
185823133,185803597
171464432,171457630
99921783,99915326
53615517,53609234
45202527,45195997
136900043,136893398
176099613,176095050
188042354,188039095
118006479,117999366
258095568,258089641
116851688,116847240
64194794,64187501
59309864,59302974
47893554,47879785
97440117,97433937
74914170,74910167
41112464,41106158
100279234,100272800
93352819,93348291
104625271,104621470
161626193,161619339
189059458,189053169
207012946,207008096
226130099,226125406
218660658,218657389
49477986,49471495
27405159,27398590
26862433,26855126
48521739,48515238
64053136,64048443
94481176,94474432
103357260,103352598
62996596,62990567
21497271,21490366
50820015,50812922
42671207,42664417
48741304,48734660
46080151,46075680
21187917,21182226
44532053,44525790
53610618,53606009
46761340,46755447
45636051,45629802
73925601,73920234
50599070,50593955
51940633,51936192
31509953,31503811
35585944,35579227
42671661,42664646
30761308,30754958
30579798,30573440
34609908,34603042
29363293,29356844
34551063,34544414
34694702,34688061
35759607,35751549
36211143,36204245
29576677,29570490
28037660,28030906
48681515,48675481
42495057,42488452
23989875,23985486
32294088,32287132
61531213,61524443
34880277,34875934
43241387,43234485
53609598,53603382
47180102,47176419
37383584,37377701
43329806,43323215
64638570,64633504
30345838,30339181
91043550,91029717
97472116,97466508
78485482,78480223
47135364,47128780
72244303,72239390
49339674,49335170
58137566,58130882
58396641,58390600
66887497,66883954
53547996,53541530
47798772,47793230
36954762,36948917
49669313,49662900
45879728,45875439
41610537,41604152
82163076,82156173
79499256,79493490
69909681,69905104
70986195,70981816
50966570,50959902
50992016,50986542
62672181,62668671
35249450,35242817
19020124,19013810
56273453,56267368
77681826,77675746
77401296,77395279
133617753,133607691
129119033,129099508
86492718,86486114
73444400,73441312
77643243,77639597
43994353,43988084
38961146,38954708
41693120,41686611
34645578,34640725
39589761,39584538
32897664,32891863
38427414,38420905
26244562,26238933
56477411,56471114
47557024,47552784
18658067,18651800
25392447,25386057
47046966,47040870
31683411,31678184
17921327,17916313
36009584,36002528
46180479,46174153
51205034,51200199
41289107,41284314
20826162,20817327
50738216,50731811
96649435,96642295
123081425,123076499
114428171,114401871
61561925,61557694
54854189,54850653
51265225,51259364
75396166,75391205
54807415,54802548
122419921,122413985
113891757,113888287
90782554,90779434
32319430,32313199
14784727,14778202
29079199,29073579
32581348,32575063
36342087,36326638
40623281,40616562
37034566,37029723
36155716,36148630
45600152,45593799
46097926,46094512
20555294,20548825
42599558,42594498
49822488,49817309
31798052,31791386
53326806,53320642
104091638,104085930
68496302,68491739
37532726,37528125
61313671,61306295
39950686,39943989
23485036,23478720
44834158,44827388
46722597,46715255
49831897,49825470
61527526,61521180
62826646,62820324
104349753,104343363
119865220,119860132
78018289,78013367
52739691,52732976
110401147,110394561
127882050,127877922
95029318,95024734
175863429,175857180
236953962,236947949
280441116,280436314
116357627,116353045
220570531,220565935
41358782,41352618
281744498,281739282
335275611,335271697
291457532,291453286
190227679,190222864
226896776,226879844
378767816,378761192
378319401,378316192
346595112,346590809
66740007,66733659
118795289,118790591
125797814,125793204
107392621,107389708
161172451,161168136
158147010,158142184
161469819,161466833
60413604,60409292
35228211,35222837
45966295,45960696
48244190,48237483
42359587,42356365
38782359,38775213
92963288,92958637
98637245,98634166
103424261,103419803
33710628,33705736
18494960,18490094
64670869,64666080
73893652,73888773
48676393,48672809
29116443,29109459
26406136,26398012
56829743,56822705
51851260,51843510
36691408,36684549
32791771,32774802
35760509,35753242
42933709,42918819
25509528,25504705
65128784,65123614
63333862,63330450
37991391,37986486
33029701,33022975
35779420,35773581
38949943,38943750
55387634,54790301
70181279,70175609
49362648,49351380
90144342,90138382
92214926,92212064
86514285,86508243
57464297,57459533
54882097,54878961
22487145,22480529
34468575,34462735
36653795,36648781
38229940,38224751
36660975,36656323
52346265,52341135
61530449,61524450
44696254,44692231
74464791,74458226
51671263,51665953
73790859,73786676
141296615,141292890
25696469,25690009
48802347,48796095
49645103,49636152
31301366,31297223
46703086,46696853
39179370,39175651
45340055,45334074
32720464,32713773
49799850,49794592
42822838,42807885
63370761,63366447
71819409,71812982
80499246,80494907
67181183,67174540
36659284,36653060
109989880,109984748
135174204,135168854
137627493,137621920
112466239,112459169
110636896,110630604
137887930,137881876
237574596,237569182
184496219,184490225
222618115,222612934
196913478,196907482
183791571,183786360
227693236,227690216
106402180,106397859
92978705,92971828
67135751,67132649
72380508,72377117
94609894,94605334
103126650,103123437
106804002,106796555
81610435,81607057
118055483,118050966
139969426,139964867
141789021,141785567
104401913,104395631
149815417,149808793
152080515,152076628
87452247,87448099
159107993,159102496
155449911,155446630
102573001,102567612
141902726,141897340
73995484,73992472
162510630,162499016
165890248,165885514
101116776,101113352
126336839,126331192
124229101,124223672
95109012,95103662
144227699,144224257
149931363,149926498
120018149,120014681
115461650,115458172
99919173,99912427
128140681,128135765
135687646,135684663
155459842,155456124
160307709,160304366
147130072,147126982
49237619,49231171
112176991,112171824
151682081,151678109
157211667,157207931
145255712,145252332
179574006,179568942
135872653,135866406
89732420,89725809
205610823,205605038
216823512,216819947
103952672,103946902
192061453,192058528
202425469,202420623
197479831,197476349
58408972,58402846
75885187,75880504
74208735,74202224
74456670,74453191
85466082,85461933
27599698,27594393
146310268,146304578
179796313,179790609
163472994,163469959
75919540,75913539
143260849,143253761
142120370,142116499
100307265,100302258
157179339,157175828
38890181,38876751
100893013,100887005
113626197,113619762
161409791,161405296
123898344,123893258
28778713,28771754
52652775,52646186
50258888,50252659
57024430,57017632
86672190,86665267
104766459,104761165
183701797,183695321
153511231,153505344
64049566,64043558
26167695,26161882
115684927,115679455
72018290,72014078
127965848,127960896
68324747,68318677
57796986,57790545
24697506,24691368
45445658,45439111
24685096,24681211
29634351,29627662
45872293,45866054
47244040,47240587
28629615,28623592
30839386,30832937
28337857,28331766
19775207,19768584
33133375,33126555
23476470,23470341
27627043,27621940
27058674,27055210
36798653,36794495
49690055,49685112
22881743,22876900
48888640,48881899
38116449,38112440
49708594,49704512
52770556,52763590
71115758,71092074
44588414,44582297
37904057,37886989
44331100,44325350
128337228,128330464
158020798,158016340
160010785,160007162
118898095,118892028
64998643,64992935
81429200,81423792
121609174,121604536
59069823,59063622
58093362,58089474
48434496,48428219
38843155,38839764
34544055,34538435
41470195,41465209
42781080,42777893
31836396,31831769
32329613,32324841
64031702,64026838
45848676,45845302
29139443,29134569
26610199,26603678
35464821,35459184
24648165,24642566
40005660,39999706
36011992,36007351
27995600,27989500
42184771,42179202
46347152,46331524
28387529,28381614
24421608,24415358
42458207,42452522
27093449,27087386
28739878,28733761
32819122,32813038
18731824,18725474
30292613,30285287
23461959,23456707
24463878,24458245
29689886,29684130
27093058,27086092
13480473,13474758
24870029,24864350
27065426,27059053
24806203,24800194
21828873,21823083
24669041,24663532
30026326,30020474
44039118,43992512
27178922,27172069
