24869586,24864085
26001236,25995832
24410057,24404156
20955087,20936909
23852889,23846946
28885923,28880425
23530271,23512773
26764336,26757959
31381467,31376090
23633680,23627864
28515169,28509747
24051759,24046469
21688855,21683949
29143763,29139012
24707129,24702057
24373296,24368892
23317632,23312366
21616580,21611691
29394184,29389482
23117981,23112627
23349807,23344465
23172383,23166451
20357781,20352082
28421640,28417132
26143912,26137918
17661570,17655916
24618454,24605534
26634877,26630050
26982974,26978147
24269617,24264371
23293675,23289040
16646321,16641264
23260613,23255305
26348609,26343154
24105032,24100492
31125594,31120875
22712149,22707211
23954439,23948624
17179847,17175160
16147564,16142758
24845150,24839129
24322486,24316925
26256429,26251238
29469432,29464278
23128934,23123814
21513646,21507961
24469938,24464752
24501145,24496508
29289159,29283877
24093114,24088320
24186167,24180753
41031880,41026262
27185724,27180361
28728296,28722507
23294999,23289796
20126199,20121294
26885417,26880538
31073369,31068672
25627469,25622729
16419788,16414863
26592363,26587850
20570836,20562121
17074125,17068844
22634636,22629243
23805712,23801434
20410683,20406480
26365897,26360350
28783722,28779257
23380625,23375718
23179324,23174908
26907581,26902901
20389177,20384903
24134865,24129533
31788147,31783374
29283911,29278541
26313354,26308320
23891294,23885124
26990104,26985016
30636124,30630542
21197226,21191841
24038267,24022012
27118786,27114445
26466214,26461491
26343001,26337634
30441519,30436665
29161865,29157151
29809711,29804834
20159910,20154794
17311656,17305666
41646018,41640889
22615511,22610124
19748453,19742853
29609133,29603728
23597037,23592144
24189345,24183911
25908419,25902532
26449234,26444047
23836103,23831529
30384304,30378753
31950651,31945125
20879517,20874456
29249405,29243693
23451181,23446004
36824740,36818511
20566889,20561477
25103619,25098892
21562286,21557436
28934757,28930062
17950250,17945755
21426563,21421777
20981625,20977352
27139921,27135026
27977174,27971772
29689547,29684628
20192628,20188218
23763142,23759021
28196089,28191704
26362947,26357814
23322740,23316934
23480250,23475347
33511775,33507666
19991843,19987508
31391170,31386134
40589915,40584719
24667030,24661366
31639890,31635056
33507169,33502345
40618503,40610389
25949378,25944040
30039631,30034094
13827968,13822345
30779856,30774886
42074431,42068606
29223140,29218140
20696554,20691363
18130910,18125382
24020336,24015086
26153795,26148876
20760740,20756131
23976247,23971203
20707501,20702832
29436336,29432345
22991883,22987899
29343585,29338469
33668549,33663418
28854874,28849337
27125364,27120110
26254535,26249207
24092479,24088609
28864314,28860121
26720436,26716041
20888192,20883344
23652945,23647618
24160252,24155183
30425061,30420447
54783687,54778212
29620598,29614896
24273222,24267442
31874626,31869593
20323088,20318630
23990378,23985372
12113414,12108193
21774514,21769275
22958356,22952964
28895147,28888691
25799211,25793575
26324929,26319969
25834908,25830043
40982754,40977627
39055291,39050610
26792215,26786896
14723673,14719788
33788338,33783185
32334676,32329541
29750299,29744910
20040476,20035483
30778908,30773446
25992592,25986789
23225601,23220298
25697893,25692505
31195941,31191100
26901649,26896703
29537783,29532337
26780399,26775272
28892323,28886983
26030840,26024975
30802559,30797761
31569303,31564438
28671133,28666265
21693343,21688725
27853349,27848769
35840051,35834794
20468818,20464061
26430653,26425063
24765277,24760214
14029317,14024803
27131103,27125795
15372758,15368277
24222889,24218373
24004275,23999769
28813738,28808578
28801979,28797120
29440003,29434274
29417481,29411899
12289411,12284351
28997132,28992294
22766678,22760946
28066115,28060292
29320692,29314926
26473690,26468476
25812150,25795915
23547097,23541957
28920431,28913845
20688932,20683149
26489082,26483357
19581284,19575423
36362482,36356456
20664980,20660143
26753559,26748304
29687683,29682397
26656729,26650392
22374263,22369077
29648951,29643507
34600526,34595242
34875734,34869693
23984116,23979058
24348201,24343078
26361697,26356240
24963337,24957784
24033275,24028299
20702716,20697764
40665009,40659803
27041088,27035388
24808937,24803659
29486672,29481745
23498041,23492987
23366027,23361127
18335801,18331275
28015947,28011735
35048302,35043565
40935550,40929732
25358394,25353715
24125891,24121498
23772146,23767273
33388181,33383492
21367531,21361732
24991250,24986873
20769001,20764264
24073582,24068192
20271920,20266355
24446546,24442178
26733918,26729544
25904761,25899409
29419744,29414503
23491402,23485624
16668683,16663471
31597696,31593056
24786990,24781790
16732086,16727911
24068376,24064639
28650911,28646199
30819332,30813902
23248039,23243834
18265921,18260551
23815086,23809256
18201176,18195332
23218563,23213260
42137192,42131660
21428754,21424788
23105394,23096715
32543787,32539288
24310828,24305810
16776854,16772541
26904849,26899204
23165056,23159475
28788491,28783267
21130813,21126874
28673567,28669006
29024566,29020579
31298116,31293229
24131819,24125510
20572694,20566891
26856441,26851136
30855571,30850880
16786259,16782655
23671540,23667504
26224787,26219474
20387098,20381659
28844086,28840047
42274182,42268216
20391068,20386435
29062756,29058012
32053412,32049468
29038032,29033523
29350188,29345426
23834896,23818027
30856611,30851885
26467341,26463023
20238447,20232906
17428012,17422187
23419488,23413720
20352320,20347239
12639414,12634114
29844038,29838110
28181161,28175782
37213144,37207696
32216722,32211405
27994683,27985260
30042337,30037630
12522932,12518442
30088965,30084622
24694377,24689866
23444076,23439524
23002870,22998846
17188608,17184299
24515313,24510919
31539591,31535072
29518667,29513549
24391016,24386709
20439175,20434089
20698432,20694217
33870949,33866085
17714278,17709017
29785670,29780915
29468009,29463143
23902739,23898673
23545918,23540938
29464933,29459445
23953660,23944517
29574420,29569362
21169943,21165364
23428138,23422321
21130234,21126370
23281693,23277218
20202596,20198023
31532916,31529296
23081467,23076765
29335105,29330476
24527979,24524235
18007244,18003114
24363760,24359151
24134807,24130418
28652527,28647992
24408178,24403673
21547895,21544074
23768878,23764479
18383282,18379096
21560685,21554936
25195992,25191495
20151628,20146391
29581077,29575954
29456162,29450802
31319803,31315170
18343041,18338220
28292978,28287878
16682840,16678816
24147375,24142526
23136390,23131152
14419573,14414363
23865958,23860724
34405521,34401232
31110219,31104686
29997459,29993100
22712238,22708096
20120779,20115763
29714227,29709076
42088574,42083724
21763887,21759606
28638020,28632365
15959256,15953861
14863743,14857969
15356072,15351697
23607946,23602094
23945367,23939861
20942437,20937661
17801215,17797394
29542734,29537919
17205354,17199001
54145394,54139902
24056659,24051599
33656253,33651353
16696835,16691809
23634170,23629442
24549049,24544239
23840754,23834764
28902293,28896642
16875394,16869680
26698549,26693364
24193986,24188878
22628447,22624663
21224352,21220839
47850416,47845015
14405096,14394544
31658211,31653062
23320770,23315950
28583377,28578020
24320194,24315324
29056093,29051319
14241463,14236260
25543206,25538500
31036111,31031099
26879000,26874276
20060902,20055600
25992655,25987522
15071495,15065420
33083521,33078636
41843879,41838608
31319380,31313846
23109380,23104332
30977033,30971202
24004517,23999591
21347140,21342116
20371983,20367340
20176247,20171577
24683020,24677798
26086913,26082421
24874421,24868983
16619915,16614511
16858959,16853241
21027090,21021488
17651293,17646140
29501265,29495441
25618183,25613050
17980739,17975798
20174363,20169289
21034653,21028890
20270543,20265049
31333237,31327603
24234888,24229173
29478578,29473117
21689909,21684189
23627707,23622438
41231995,41225558
24240132,24234743
28640283,28634817
33084066,33078448
22127001,22121520
28890454,28885262
16839047,16833836
16923818,16917054
30986622,30981472
19875392,19870514
29760446,29755235
20920895,20915594
23066946,23062256
26375766,26370796
23181486,23175825
24107334,24100968
21771617,21766314
26585739,26580321
26549851,26543568
17752991,17745652
23904608,23900266
37573281,37569135
24140958,24136991
15067960,15056600
33976760,33971519
23582232,23578005
26086887,26082377
27717973,27711662
31334810,31330069
27840025,27834747
23990971,23986534
25398507,25392950
23325018,23318828
30822109,30816243
20343728,20338302
27445783,27440597
30586028,30580572
34519854,34514394
58799189,58793725
15318621,15311849
25947098,25942165
24806581,24802085
21772636,21766970
25796488,25790886
26194999,26190347
24225497,24220255
23443632,23438492
26842347,26837224
24085090,24079316
13752533,13747072
12096533,12091686
26645265,26640125
28337018,28331767
21351264,21346310
25476989,25471315
27090000,27084923
23853987,23848876
23838114,23832510
26448210,26442170
26222459,26216710
29261698,29256294
20195992,20190339
26018825,26012833
27112994,27107279
26680514,26674309
23509620,23503831
18317204,18311216
30990364,30985237
26088423,26083097
22980819,22975795
24009630,24004239
19351490,19346192
54369615,54363854
25579849,25574276
23857948,23852112
20382598,20376943
26438939,26433051
23120780,23114957
33302583,33297221
28932198,28926370
24724453,24719667
23471625,23466937
23133890,23128757
23948867,23943991
23386388,23375837
30880492,30874530
31027430,31015852
19793291,19788015
24236187,24230739
32875890,32870133
29051909,29046842
27190143,27184563
26997901,26991787
24480975,24475754
20533372,20527995
34029586,34024267
26018570,26013755
26288890,26284041
31641131,31636223
24039307,24034238
23580725,23574843
12515362,12510159
23910350,23902865
29648873,29643957
12634528,12628844
32165968,32160348
27994024,27988738
27117050,27110742
20987557,20982241
26203659,26198051
26183885,26179897
23435145,23430702
23123134,23118586
29000516,28996089
25973290,25969373
22806151,22801103
23414540,23409900
17030153,17026099
26611897,26606744
29241121,29235918
24247005,24241709
12044524,12039342
23492332,23487220
28751614,28748066
27473980,27469098
21484753,21479798
24168050,24163199
31929731,31924851
20320350,20315310
26236368,26232756
28741641,28736999
27100175,27095643
32120452,32116133
23757007,23752531
26323421,26319061
24464323,24459654
20501335,20495613
28169422,28164794
18530932,18525812
21175449,21171059
24330307,24325143
27746471,27741881
22652410,22646805
24203303,24198618
22823792,22819192
21039893,21035196
25446093,25439874
19925253,19919753
29977602,29972403
17669031,17664138
16294966,16289113
17730519,17725772
29691484,29686290
26735994,26732190
17308170,17304201
23256605,23251285
33996001,33989707
24346643,24341631
25168448,25163029
23762775,23758047
21284688,21280701
31016284,31011622
32146382,32141461
26142992,26137744
29722185,29716772
23961628,23957223
16907222,16902454
26414578,26409367
23485581,23481328
22796591,22792843
37019961,37015729
27588575,27583086
29361126,29355706
20274445,20271052
23591953,23587223
26632107,26627316
26336079,26331623
23632212,23627512
23473980,23468825
21026798,21022212
25885906,25879628
31359800,31354934
28706947,28701552
30852809,30847454
24181200,24177143
16981915,16977048
31611210,31605696
29034388,29029253
21649969,21644702
27762976,27757580
27567598,27562344
19936962,19931345
25114378,25110109
34623547,34617933
31282062,31276126
17087178,17081485
17582129,17576874
29067232,29061348
20870511,20865016
23884327,23878570
16876997,16870822
24284393,24279593
25150896,25134809
25651249,25646126
15787761,15783112
28209801,28204123
25096620,25091955
29398354,29392686
28136497,28131585
17628496,17623830
26206566,26201858
14786350,14781733
30890542,30885431
21462249,21456897
41771248,41763084
29066284,29061690
31665868,31661200
17967240,17961825
27170697,27165554
29204239,29198944
23661257,23655730
28914634,28909973
28463932,28458818
31280853,31275638
25539796,25535076
28024688,28019757
22608794,22603257
17725764,17720161
23819861,23815160
29100180,29096374
24096304,24090838
31203965,31199250
31738365,31733648
28154693,28149665
26801720,26797519
23441923,23437385
24006486,24001643
20852164,20847719
23066090,23060890
26756512,26751175
19933538,19928346
17012297,17007394
26550264,26545334
22451528,22446814
17151300,17146186
20406387,20401021
30960983,30955817
26703895,26698680
27147810,27143621
17891339,17886565
16342744,16337603
17502640,17497393
29371133,29366862
20036479,20031082
26154240,26149387
21096608,21091800
25659703,25654268
17207599,17201766
16664447,16658342
23843007,23837357
15223498,15218112
25798365,25793123
21225933,21220920
25960801,25955691
33173567,33168030
20116185,20110595
20217614,20211826
40233331,40227915
16382347,16376335
21202630,21197250
17935096,17929300
22823300,22817251
28986654,28981431
17044810,17038517
27111701,27106829
28308129,28302013
20725882,20719997
42329570,42323882
26373390,26367604
41512253,41506120
26613257,26606997
27109647,27103179
24610578,24604935
28283621,28277332
24624448,24617985
19211743,19205550
23943369,23937470
27426683,27420979
26312967,26307162
21521158,21514988
27049365,27043452
31196061,31191081
30978673,30973226
21154845,21149362
23246292,23240991
14518905,14512678
20339728,20334259
23343956,23338494
26172468,26167070
24051061,24044800
24777575,24771673
30392890,30387497
23169111,23163829
27297453,27292314
29963740,29958558
24208986,24203930
25869243,25863810
33615016,33609612
37756651,37750337
12532857,12526524
28248993,28243849
20120996,20115126
20432998,20427250
29027957,29021991
18008771,18003096
26006467,25993070
22956370,22951001
22851048,22845308
33589506,33583560
23375593,23370070
27077944,27072350
21600765,21595158
23956058,23950232
27757934,27752912
25752790,25747499
23141773,23136414
23610425,23604727
35688662,35683062
26726359,26721424
29180663,29174491
23256991,23251307
17603560,17598655
21055261,21050227
30746375,30740528
25841296,25835638
31380516,31375027
24272447,24267674
20520298,20515225
23285639,23280416
23916336,23910802
20250898,20245167
25691847,25685907
22527173,22521387
17537004,17530732
23997549,23992377
24948276,24942602
26200969,26195240
17258311,17252078
31203232,31197790
26092215,26086829
13945866,13939504
32893836,32878828
23872214,23866908
28786454,28781322
27026270,27019865
24590855,24584737
41682824,41676682
17495867,17489690
32288946,32282964
22977591,22971971
21447737,21442137
16556211,16550161
24870128,24864043
24558682,24552293
33420195,33414290
16337303,16331127
23168437,23162798
15394463,15388402
26549289,26543126
17804260,17798122
29002617,28996900
24843185,24837678
24581360,24575179
33479775,33474146
16895145,16889335
29501002,29495227
24228394,24222563
33685531,33679550
20306688,20301074
26159127,26153770
28965341,28959891
26075926,26070363
20449779,20443687
23334073,23328195
24548087,24542178
29463497,29457943
17340994,17334912
14583913,14577353
13538728,13533152
26838035,26832858
27127736,27122588
27443699,27438274
20829861,20824180
24798233,24792876
32136540,32131309
29189845,29183961
24094149,24087815
23407493,23401427
31687290,31681056
26058715,26052753
27043838,27038223
27415591,27409319
17785365,17780118
24086266,24081085
16591183,16586240
26436702,26431210
19286688,19281723
31864442,31859175
23859826,23854138
26985663,26979944
25872318,25866442
20647337,20642220
29163006,29157152
25046686,25041061
24590929,24584906
26219459,26213604
27095967,27090696
20998861,20993079
17191846,17185971
30873622,30867287
15612213,15606442
23545292,23539608
26676102,26670389
24361356,24355269
29591874,29586076
23569729,23564117
29109830,29103867
23055990,23050336
27155611,27150175
20052126,20046545
37117291,37111582
23546297,23540819
35165482,35160304
27332637,27326712
31200709,31195266
22617360,22611797
24193505,24187846
35174481,35168764
31601693,31595463
23243252,23237856
28955273,28949177
17531944,17525859
40398290,40392469
29647391,29642083
23385290,23380200
29333292,29328346
24452293,24446603
24103730,24099143
27618971,27613556
20789396,20783717
31162725,31157575
23713365,23708139
23731189,23726235
20034884,20030230
23361560,23355947
23018761,23013040
32616780,32611653
17657942,17652600
20837277,20831437
23847713,23841936
17920735,17914961
23062400,23057020
28667741,28662115
58820342,58814247
23600340,23594198
14607596,14601374
17554448,17548673
26115300,26109708
41321179,41315339
26607755,26602507
16559027,16553663
26318786,26312990
23698366,23692774
24538851,24533016
27819861,27813351
29068319,29062728
25934221,25928190
24082702,24076388
23169914,23163211
16919155,16913679
20628584,20623271
24649930,24643701
28555206,28549952
27093688,27088631
24157445,24151984
30107142,30089848
37002759,36997534
34804212,34798133
26705419,26699292
27727897,27722120
23763544,23757841
20738189,20732572
33836119,33829954
23342268,23336995
33376679,33370912
12632891,12626921
23802078,23797154
20834507,20829630
23705039,23699827
26872383,26866365
18066214,18060260
25071015,25065548
23953179,23947773
30298432,30292818
29384947,29376410
31467262,31462329
24758811,24752748
23342458,23337125
17614268,17608538
22696170,22689854
28874405,28869063
27111567,27105761
20380021,20374370
17508179,17502291
27588067,27582435
28039496,28033669
27223345,27217670
26545954,26540507
12575541,12569988
60652272,60646685
24682581,24676626
24498136,24491999
21896243,21890845
20275436,20270179
37222943,37217026
27039019,27033733
24236433,24230554
29055162,29049527
17612593,17606744
20019340,20013638
25133373,25128354
23061516,23055662
21282973,21277615
20388744,20383117
34130959,34124593
22231698,22225633
22118121,22112307
23122907,23117671
24518339,24513041
35714036,35708426
33791815,33786217
26514516,26508479
23712775,23707699
26589747,26584756
26127936,26122930
27475454,27469429
23995104,23989735
35774550,35769248
31461820,31456383
32098191,32080547
33295686,33290576
29360503,29355112
20594122,20588747
26825414,26819220
17184350,17178466
29254082,29248182
24219025,24213934
23831658,23825777
21923844,21918833
33403792,33398438
23384060,23378445
20917771,20912487
23792492,23786982
42936575,42930876
29457336,29452269
23404003,23398730
24516017,24510432
30719123,30714068
23733160,23727881
22915216,22904996
27410751,27404891
23812287,23807228
26759203,26753745
28670755,28665611
23292189,23287108
26045840,26040573
21660872,21655571
26564808,26558479
27253029,27247557
23213033,23207859
17698022,17693125
20419474,20414301
20360843,20355284
28937158,28931058
31342868,31337666
20924052,20918762
30098881,30093418
27140331,27130933
15057768,15052230
32186738,32181552
20941502,20935958
23366570,23360601
20175277,20169652
41991448,41974023
23119417,23113818
31103704,31098484
26242628,26237619
26791617,26786720
29189410,29184274
26921559,26914780
21937950,21932910
23830097,23817496
29124118,29117893
28910387,28904671
26502724,26496566
25700101,25694311
17276263,17270696
25040567,25035074
17186146,17179563
18524475,18518797
23803779,23798720
21337775,21332289
29019009,29012455
26825545,26819269
20126787,20121547
20130364,20124487
28801776,28796203
20711125,20704905
33916079,33910587
27332490,27326603
31691457,31685466
23465474,23459446
24056244,24050205
27408283,27402610
20357991,20352560
24171040,24166138
23138879,23132698
23256473,23250740
22908128,22901976
21306162,21300525
17754035,17748542
27597241,27591205
24218640,24213153
33095922,33090725
23519257,23513804
27046715,27041228
25832749,25827209
18558847,18553325
20165017,20159114
23378047,23372283
26663176,26657934
21088337,21083285
28471223,28466016
28318117,28312066
25428764,25422668
30529562,30524113
15561806,15556119
30478689,30472180
26158473,26152688
26079315,26073152
26706351,26701003
17345754,17340415
30736790,30730672
24961532,24955757
23579930,23574399
31460726,31454654
29276500,29270226
24281690,24275645
28890721,28885535
26877075,26871355
26408253,26402366
28263174,28257757
28924918,28919552
30856923,30851321
22228508,22222533
27059708,27053902
23941904,23936448
26882392,26876113
38087487,38080820
28220906,28214760
26661122,26655546
42340526,42335156
36649123,36638095
24381260,24375664
23325147,23319646
16786874,16781769
33541397,33535235
17085467,17080342
16888593,16883278
18383961,18378985
28509878,28505286
25661831,25657251
16686577,16681537
28847266,28843505
17607598,17602097
29469243,29463159
29240078,29234022
23980991,23975852
20400852,20396225
23552878,23548182
25849074,25843822
20212826,20208289
26925697,26920085
26116755,26108244
28846020,28840944
31639025,31633982
16319232,16313532
24398857,24394135
20433746,20428809
14232354,14227134
27543315,27538009
26344215,26334207
22989871,22984660
28984118,28978781
31025744,31019344
32189057,32183593
27620546,27614704
24215322,24209849
29720595,29715801
15091107,15085918
25336367,25331521
20262811,20258636
19999999,19994875
23744402,23739542
23147623,23142648
24180514,24175463
24727576,24722273
14606506,14601387
54037129,54031968
51456183,51449997
35955099,35949838
27932032,27926602
36197885,36191901
32545819,32540055
51788086,51781590
51063275,51057758
79637459,79631688
42025896,42020345
29157061,29151640
20803246,20798475
34030179,34024246
31719203,31713916
28326085,28320030
26839584,26833582
30427106,30421645
29823502,29817862
16558594,16553446
26239698,26234583
24366136,24360790
28218610,28212728
20933428,20928419
26490593,26485403
25818470,25813572
24511403,24506758
25588651,25582741
23865769,23859694
31001972,30996088
26249330,26243916
19857452,19852432
29470179,29455684
23673361,23668600
31731937,31726492
31466641,31460747
29037048,29031217
29637242,29631194
29119069,29113686
24698602,24691861
17897718,17892508
26071175,26065833
22981081,22975589
24038950,24033124
23527828,23522517
31863697,31858125
31421249,31414667
33136034,33129839
22834496,22828496
22974717,22968619
16389736,16383591
25019869,25013700
24085831,24080348
27982083,27976704
36591226,36585778
22623042,22618066
53746255,53740721
18080323,18075148
18153950,18148753
20554917,20550240
30535204,30529924
21130935,21125928
20776003,20770662
24043874,24037914
18485680,18479704
23232920,23226609
20217044,20211679
30018457,30012325
31655673,31649496
15611116,15605205
20428689,20422875
16958344,16953026
24200025,24194445
31476424,31470980
29231751,29226079
27724538,27718048
23364137,23358957
17283402,17277353
24369640,24364244
22717266,22711261
23645825,23640082
29228472,29223352
21546090,21540545
23867178,23861996
29405720,29400384
36905502,36899661
27172607,27167141
23916234,23909871
24223528,24217904
25935149,25929693
29281402,29274957
24341634,24335381
23972582,23967092
23060802,23055509
26729066,26723649
31484148,31479118
26524757,26519786
31528567,31524410
23697962,23693746
25869677,25854048
29246923,29242890
56084824,56079177
25805719,25799775
17553199,17548738
21531092,21526856
23435225,23430358
21442661,21438348
19807829,19801821
32051623,32047588
65067418,65062056
31368070,31362842
21277395,21272287
30466634,30461799
31427615,31423769
33776114,33772096
26538506,26534861
33670902,33666693
16996729,16992666
20661800,20657870
19697361,19692279
31861400,31855042
41548385,41542774
28088177,28082935
26304156,26298847
24094527,24089408
28597340,28592733
21322789,21317503
28615538,28610784
24435050,24431147
41716728,41711225
13491995,13487329
35931587,35925709
28698213,28693104
29546934,29540773
64551202,64545374
39929348,39923806
27157143,27151841
26172746,26167395
24248248,24231031
19355468,19350841
31134499,31129531
33784519,33779746
29504392,29499832
20493023,20488296
29274532,29269198
23143727,23138921
30820471,30815693
17034500,17029805
31865882,31862775
23534782,23531088
23543727,23538566
27110388,27106100
25586816,25582069
32049488,32042948
27149389,27144210
17363788,17358140
28714624,28709524
28637032,28632052
23440819,23435812
28519248,28514120
23659088,23653968
28717391,28711784
24339765,24333419
32492252,32486309
29495278,29490275
20720173,20714219
57774387,57768010
29752986,29746537
39970105,39964168
22234841,22228667
20850626,20845113
26363907,26358179
30435955,30430211
44428806,44422584
44906431,44900751
71233842,71227813
68355802,68349590
55821488,55815624
34846612,34839609
29296910,29290397
27912434,27906679
17674986,17669060
37584046,37577606
54798909,54792496
47673645,47667899
45192128,45186559
58126648,58120416
36555877,36549843
57889980,57884168
29853286,29846884
74276451,74269932
44030122,44024205
52126028,52120003
51891366,51885165
57824380,57817995
44673570,44667385
29869129,29863556
25250553,25245331
23592022,23587438
25509919,25504964
29131206,29127039
12231211,12227526
20431973,20427902
28780654,28775759
31308158,31303234
33375531,33370408
28548595,28543192
12594280,12589280
25607930,25603838
28764480,28759398
23358216,23353149
23237440,23233719
37660376,37655301
33933835,33927490
24483599,24477226
26918708,26913452
36272152,36266997
30193287,30187482
21828905,21823971
22941862,22924904
31749442,31743046
26125853,26120121
22795257,22790133
28814954,28810567
20650441,20645339
24243359,24237277
22815069,22810101
16973845,16968914
20641100,20633601
25990108,25985205
31054563,31048930
34503991,34498139
25753201,25747372
36749007,36743833
54485163,54479985
44495940,44490258
64506912,64501645
37512936,37506599
80691350,80685390
37597160,37592310
50417572,50412169
36254149,36248680
26843903,26837965
38658365,38653057
28254282,28249620
40600235,40595561
17366168,17360928
17059034,17052830
22418495,22413238
35789540,35784246
32609669,32605271
16957470,16952141
52223769,52217926
31058626,31053298
23516043,23510940
25822194,25815421
23629553,23613368
31139850,31134957
23223941,23218359
23664145,23659289
24062234,24056750
48927002,48909409
61807570,61801986
21486324,21481015
61688674,61683509
17285103,17279792
38598631,38594063
27592209,27586906
26608867,26604057
29337391,29332486
16374953,16369267
26308445,26303195
23774225,23768746
20233147,20228121
26142283,26137729
30902465,30897017
30413247,30407414
17560142,17554272
24487317,24480629
16554936,16549985
20431547,20426888
40123712,40117270
49051044,49045322
34679528,34673576
20084567,20078930
20377889,20372333
31125983,31106447
26213479,26212248
20732219,20730764
15903746,15902525
19867461,19866067
24207846,24206357
24146927,24145441
40463179,40461654
25928316,25927118
20560241,20558949
31574723,31573250
22889450,22887868
17850044,17848484
28607108,28605471
34123949,34122431
24520107,24518539
24256308,24254850
25807403,25805854
22972044,22970066
25153371,25151913
28351675,28349883
23825079,23823545
16770406,16768905
28298797,28297490
28865840,28864353
20551368,20549810
23641117,23639713
17276043,17274570
16635001,16633379
24093402,24091737
31329000,31327631
26041347,26039681
24639197,24637868
20479477,20477825
24010309,24008816
22766367,22764861
26546799,26545030
26174449,26172722
23760660,23759250
26892582,26890853
23291122,23289640
55335703,55333805
28326455,28321403
31196734,31195068
28860312,28858721
23838360,23836901
16750502,16749080
27310959,27309429
27306959,27305327
40377672,40376206
26519927,26518482
23752620,23751059
25880361,25878613
24124417,24122833
23114382,23113187
31219041,31217778
16893440,16891919
33903104,33901662
20118395,20116966
19848344,19847144
17390018,17388748
15975141,15973652
17179849,17178511
24442961,24441606
29028521,29027254
20364285,20362540
25031197,25029655
31672885,31671171
24038447,24036972
33041968,33040312
24795113,24793761
23736847,23735560
26494249,26492752
31744125,31742793
22997446,22995954
28164877,28163634
29499917,29498640
22532418,22531068
36204747,36203215
26950410,26949048
32819758,32818176
20504961,20503479
26092267,26091000
29293086,29291657
24285625,24284093
27837843,27836266
19728400,19727185
21441165,21439508
26441378,26439934
26678756,26677453
20289335,20287598
38076561,38075026
16035472,16034067
20635263,20633817
31393888,31392166
28064673,28063321
18015616,18014113
29873440,29871878
20545932,20544547
40759776,40758383
28690065,28688408
18269411,18267819
42146218,42144359
13954526,13952660
30903529,30901952
23842645,23841118
34102868,34101386
40740392,40738972
20800155,20798658
31245705,31244361
29740560,29739328
20824220,20822523
24272640,24271071
16572830,16571265
20690206,20689023
30121413,30120041
21428151,21426623
31124312,31122756
30659396,30657624
22974051,22972435
12133424,12131751
25061402,25059901
35558798,35557269
20322703,20321089
20790833,20789230
22966549,22965097
20779522,20777927
30709405,30707834
28962619,28961043
18254274,18252710
26443278,26441670
25737329,25735578
17359890,17358365
36019443,36017966
23110576,23108948
23248185,23246745
40238915,40237073
27090787,27089332
30875702,30874310
19557823,19556401
27553221,27551802
26097959,26096598
24066918,24065492
27857399,27856077
23548506,23547194
28946195,28944793
26054250,26052715
26636347,26634312
31701866,31700545
16851769,16850273
23639740,23638428
17084698,17083029
28079120,28077592
16244443,16243158
27708479,27707005
21043232,21041620
26133040,26131391
35899263,35897612
23855921,23854248
24945334,24943898
30647618,30645777
24227365,24226047
22736404,22734929
24832013,24830465
23941972,23940728
34349112,34347751
35472645,35471260
23093649,23092390
24002241,24000846
23591217,23589670
29401594,29400274
31022351,31020935
27051757,27050393
26102282,26100974
20096966,20095532
20498326,20496633
22164026,22162586
26314003,26312520
24767112,24765431
26679980,26678549
21004355,21002918
34585250,34583528
20319451,20318100
24610813,24607132
22826468,22824870
25988093,25986668
25821999,25820379
24047929,24046479
23624749,23623262
37275560,37274133
20522969,20521507
23102376,23100979
30980595,30978603
21103409,21101915
24364124,24362706
31030724,31029027
29590354,29588972
24282657,24281159
29729922,29728142
24859958,24858308
23322442,23321109
28557950,28556444
44919464,44917770
26038594,26037080
23142854,23141373
28440423,28438284
23226444,23224824
22947821,22946237
33679185,33677545
20543895,20542645
17948633,17947404
26245434,26243996
18355141,18353529
29398484,29396916
26320757,26319208
34616016,34614323
17973436,17971943
29180569,29179071
33513422,33511893
17523736,17522063
19584946,19583691
17347785,17345877
23181035,23179639
23253034,23251657
29045640,29044487
26510985,26509685
24698497,24697295
31936281,31934874
26071796,26070249
31329744,31328241
16566130,16564690
31438749,31424523
23838587,23837080
23643923,23642577
23311566,23310068
25081593,25080258
31471928,31470369
30072126,30070636
23449328,23447935
22737782,22736374
29013230,29011787
29001720,29000404
26248390,26246813
26250280,26248659
31591571,31590175
22458985,22457477
23394227,23392512
20816483,20814953
13405918,13404408
26080984,26079677
16805917,16804255
26168591,26167123
23265663,23264143
23485876,23484118
20161014,20159528
17815118,17813609
20658985,20657578
29402394,29400987
24914091,24912616
31143987,31142356
20839353,20837817
26428130,26426808
17893372,17891864
30045496,30043868
29046608,29045154
17034609,17033072
23278838,23277199
25992158,25990693
26397756,26396136
29863352,29861884
17694518,17693282
24933458,24931932
24048888,24047618
16217406,16215898
20713265,20711662
24066853,24065021
26075910,26074521
41618256,41616775
20737581,20735770
23571734,23570396
26343967,26342804
23649317,23647747
29127790,29126500
23807500,23806264
29096511,29095132
42048194,42046837
26993135,26991762
24526850,24525447
21405082,21403224
27173257,27171896
27010214,27008981
20947086,20945898
28985203,28983976
20268843,20267586
29326790,29325510
29853448,29852057
20688645,20687125
28239880,28238481
23408028,23406614
28443365,28442154
28855759,28854331
28972048,28970586
30530916,30529697
28128081,28126878
19934142,19933039
27027309,27026149
31769578,31768270
24941346,24939938
28178483,28177136
26279555,26278088
29268694,29267018
28321019,28319691
17234518,17233331
25636347,25634988
29377432,29375641
31581687,31580249
23888511,23887017
21172443,21170933
27028570,27027062
26729914,26728533
26879668,26878358
26817888,26816395
23829586,23828275
29459264,29457821
23950191,23948936
27302305,27300908
23228027,23226406
20630851,20629493
25894240,25892907
31788280,31786714
29476141,29474539
29128801,29127377
29305138,29303683
23792634,23791319
32359364,32357876
20481031,20479556
29173150,29171858
23519956,23518466
21208301,21206752
24409995,24408573
22708648,22707530
25725146,25723625
25798300,25796601
26944523,26943284
23925631,23924107
21204904,21203504
60222823,60221031
23958968,23957418
33753050,33751541
22667253,22665839
29434252,29432778
28895500,28894086
20657933,20656318
23783571,23781958
41608219,41606739
26619544,26618101
27059477,27057887
23178469,23176865
20754673,20753082
25731549,25729934
22785073,22771782
31189043,31187521
26352343,26350873
29091912,29090373
29071904,29070604
34504427,34502901
29333030,29331585
26646696,26645225
32634882,32633541
20145521,20144077
28840101,28838730
23905808,23904351
23328662,23327164
31230474,31229129
23195804,23194376
23251848,23250270
19953086,19951784
35414025,35412568
31832539,31830864
26097417,26095874
23500931,23499622
21668068,21666623
25894227,25892773
20965416,20964163
21098464,21097062
17817559,17815935
33484179,33482553
20133869,20132491
25955869,25954671
24258619,24257022
24074820,24073459
28773269,28771869
23675102,23673519
36342325,36340875
28245185,28243748
19849378,19847784
16633858,16632377
20538594,20537200
25659484,25657839
24152074,24150708
24451739,24450324
24263311,24261797
26290548,26284384
29456688,29455119
21402619,21401037
21166957,21165515
33729120,33727288
27936715,27935306
31625333,31623813
20367254,20365713
26413448,26411970
24449341,24447977
23960808,23947935
23781010,23779447
26251878,26250610
27802168,27800716
29590019,29588419
31208994,31207729
20314091,20312899
23091688,23090483
24116916,24115495
24377481,24376277
33698040,33696612
26603592,26602117
24066499,24065328
21359884,21358425
30533737,30532257
18654696,18653225
26725792,26724242
35799692,35798393
26302167,26300845
26551081,26549458
23594797,23593308
23401476,23400165
25649710,25648223
23439042,23437862
20748414,20747205
26054025,26052571
21686935,21685464
29077257,29075610
23711576,23710297
31437101,31435782
21029260,21028010
27043936,27042554
17508661,17507158
24243594,24242154
29166373,29164766
31736467,31735052
33587561,33585596
17840145,17838548
20667294,20665882
23432059,23430658
24220847,24219336
20356087,20354945
27129724,27128353
27719101,27717776
20478943,20477341
28083202,28081859
23842207,23841018
29086684,29085196
27489267,27487848
28901042,28899263
30788314,30786614
21178463,21177089
26286708,26285170
23033345,23031749
23428796,23427338
18245410,18244047
27016745,27015096
20320485,20318980
20522551,20521087
24448825,24442677
30920692,30919237
17999962,17998561
29793277,29791921
27522283,27520929
15999264,15997666
27173106,27171502
26415700,26414226
20986018,20984287
28381756,28380124
25505081,25503548
27256085,27254509
35442910,35441509
21485810,21484329
23346240,23344725
24334093,24332734
30297634,30296002
25702575,25701148
29611938,29610530
26105657,26104066
33768870,33763411
24148099,24146666
21083167,21081566
24734684,24733023
24316245,24314764
26278573,26277031
25611480,25609983
31464414,31462938
59986610,59984813
34003092,34001607
24113304,24111739
26262249,26260942
26516195,26514485
17005988,17004515
29007502,29006175
34965168,34963378
21307746,21306061
31566836,31565450
21046071,21044778
28670698,28669461
21140186,21138716
31253966,31251941
31231284,31229999
23964355,23963063
15951348,15949776
25325399,25324002
17634362,17632795
23418887,23417612
12121447,12120052
29234698,29233112
23702242,23700858
23928564,23927030
26966470,26964804
20271344,20270008
23988936,23987481
23434175,23432484
28962706,28960968
24251011,24249414
33219215,33217836
22767632,22766215
22707226,22705631
26973688,26972184
29331463,29330047
33691070,33689534
18224707,18223175
26391794,26390052
25187848,25186468
29465311,29463849
24549152,24547674
23365562,23363962
17601730,17599951
21014588,21013101
26491057,26489507
23943550,23942185
20836601,20834945
31378877,31377312
21682153,21680512
16815596,16813818
19614290,19612922
23904435,23902965
16795643,16794327
23905368,23904047
21416631,21415240
27158568,27156923
20706492,20705039
26800602,26798840
29634380,29632885
52641264,52639585
54508157,54506436
33497611,33495941
58349393,58347787
31512947,31511489
22830802,22829417
24867422,24865940
31392590,31391304
25881453,25880218
31341419,31340032
32105919,32104467
34293803,34292278
24266213,24264772
26350722,26349019
29060647,29059096
24210397,24208841
16824803,16823306
20109784,20108271
30828193,30826764
21043713,21042015
24363632,24362015
23046774,23045370
28933782,28932276
20221388,20219892
23306277,23304896
12178111,12176644
25992548,25990862
23813370,23812055
24106519,24104799
20546777,20545052
36221418,36219801
31498442,31496647
16773150,16771587
28093204,28091635
29651776,29650394
21222353,21220750
22676379,22674424
31576555,31574875
26774775,26773323
24819608,24818036
21537382,21535888
18465375,18463973
34676833,34675171
24272711,24271201
23699132,23697508
38621199,38619529
29778660,29776904
25134797,25133255
28978750,28977103
24251679,24250181
30418436,30416997
20265874,20264126
23980908,23979534
26048768,26047381
25997791,25996339
27180478,27178798
26692234,26690616
29302441,29300790
26993400,26991824
31921103,31919577
29449573,29448053
20473720,20472161
26505208,26503751
20217908,20216366
23622893,23621275
60928130,60926565
30335853,30334269
20388985,20387530
23484737,23483075
16784954,16783430
33366609,33364899
23765263,23763801
24111951,24110524
18721664,18719765
34401801,34400114
21388446,21387137
28353691,28351750
32951748,32950368
40500213,40498487
26297660,26296203
26456785,26455305
17883426,17881921
28185885,28184384
23634045,23632457
25608505,25606970
28875838,28874297
31373926,31372538
13988565,13986983
28425814,28424267
25734632,25732671
24769869,24768417
29315652,29313921
23863678,23862111
25080483,25078667
31633257,31631562
38478176,38476668
20609976,20608523
21297362,21296234
36899715,36898086
25106989,25105515
19981004,19979204
26483147,26481705
19915677,19914242
23945264,23943683
29256680,29255136
29102067,29100452
31289247,31287597
20713959,20712743
20540004,20538503
31334186,31332826
20615620,20614350
23709136,23707750
25836642,25834996
26590124,26588463
23138567,23137062
30046894,30045209
22905446,22904122
20940535,20939152
20053525,20052218
24570457,24561804
31768195,31766721
28833211,28831926
14151697,14149374
27387429,27386131
31993192,31991355
25062923,25061344
27452074,27450669
23565514,23563549
27400655,27399130
31178737,31177186
23855922,23854618
20377401,20375466
21762335,21760987
29185037,29183599
20091888,20090509
18093792,18092163
30286944,30285451
29258655,29256947
16925343,16923867
27223956,27222504
23095055,23093709
25747044,25745512
28509772,28508377
29469121,29467566
20873774,20872257
23464739,23463253
31562393,31560898
22825114,22823852
22724217,22722822
58099552,58097920
22974481,22972648
28178524,28177009
23126621,23125236
19798704,19797321
23441333,23439889
33160158,33158569
21295524,21293958
28812110,28810461
17838214,17836697
33052650,33050859
20241764,20239532
30686568,30684391
20205670,20203979
24037777,24036300
20876970,20875453
30986945,30985503
27042845,27041317
28596868,28594990
24753144,24751707
24585370,24583575
34318003,34316347
27873222,27871633
23584882,23583449
17914228,17912798
33654340,33652911
18201097,18199383
24306471,24304791
24468773,24467184
26081799,26079998
31405267,31404033
24087518,24086091
17015635,17014104
41865799,41864042
31876658,31875103
24242714,24241332
38868769,38867068
26279521,26277733
25890474,25888962
29483572,29482224
23540938,23539431
25717031,25715698
27581682,27580113
31102284,31100563
26086121,26084882
31313726,31312153
37546400,37544773
18164704,18163237
23382847,23381500
23745452,23744093
20175665,20174274
23739052,23737690
26130582,26129076
17694114,17692696
25498325,25496915
36716949,36715522
27278212,27276790
23441050,23439733
20111595,20110251
27088522,27087213
28812080,28810605
31586335,31584654
24095851,24094257
29355555,29354205
21445817,21444386
26819467,26817895
29697413,29695905
32432849,32431389
25320893,25319276
24976431,24974772
29457998,29456640
26804237,26802451
29428367,29426653
26989028,26987488
31992673,31990820
24386441,24384907
23388576,23386976
24667975,24666454
24659428,24657988
28447458,28445947
24001633,24000162
22837019,22835618
24471234,24469666
18866659,18864893
36677473,36676156
29905802,29904624
23662925,23661717
25642661,25641307
22965800,22964354
15431340,15429720
27128718,27127469
26216822,26215616
30666542,30665218
29154050,29152891
24133627,24132170
24652221,24650642
20621999,20620559
42141058,42139557
23428254,23426938
23266385,23265004
20947658,20946328
22501015,22499573
28612304,28611009
32367964,32366623
28193073,28191625
16741368,16739844
27045050,27043360
29959081,29957382
23367823,23366347
22092551,22090751
27370926,27369385
26156175,26154441
28732166,28730684
23959417,23958023
21274200,21272716
23759970,23758566
17178862,17177207
24063425,24061937
28985730,28984213
24653207,24651678
26545229,26543697
27210117,27208586
23897652,23895997
24955076,24953569
24568971,24567541
18223656,18222038
28390282,28388730
29006933,29005401
21164442,21162845
41865469,41863853
22734221,22732782
20024593,20022912
35849687,35847917
26819207,26817510
28754605,28752988
17431524,17429890
28996006,28994453
25130840,25129495
25813944,25811961
26460433,26459019
28850093,28848489
29047777,29046203
31107961,31106322
25829394,25827932
26760164,26758461
25920802,25919397
32040406,32038891
20849282,20847741
25932064,25930345
34364931,34363304
24144591,24142880
23798292,23796263
30617843,30616457
17534157,17532746
32581855,32580155
26232649,26227487
26341462,26339796
28927261,28925609
31085246,31083709
27191762,27190346
28983641,28981986
20691874,20690437
17421576,17419930
29748947,29747387
27420594,27418915
23999787,23998290
23691093,23689663
27702234,27700597
26769645,26768150
28953754,28952296
23785988,23784549
24372530,24370985
31329604,31328167
26490096,26488716
24913560,24912101
23744703,23743263
21147538,21146086
23218022,23216405
27148877,27147347
23355834,23354474
23451427,23449981
20334741,20333231
19423201,19421769
26110062,26108635
20970685,20969214
24303360,24301693
17590563,17589002
24337399,24335801
30273131,30271424
29094779,29093264
30009115,30007479
25620405,25618838
23830255,23828790
28704320,28702793
24224770,24223106
41756666,41755143
27083797,27082209
17131176,17129770
31827058,31825591
29129340,29127864
29769982,29768549
18397782,18396380
29189505,29187668
26744913,26743420
23962870,23961235
25793661,25792166
23936268,23934572
20089943,20088549
29073872,29072356
28877389,28875713
24504331,24502846
21488744,21487271
25802223,25800769
26724719,26722922
24917736,24915922
26849299,26847662
14983745,14982226
25235056,25233503
25268332,25266923
24189291,24187655
28916286,28914730
21720357,21718862
28598808,28597038
13707732,13706260
26056871,26055465
63619075,63617206
22869224,22867719
35280882,35279408
25742160,25740546
26367332,26365803
21384675,21383267
23997784,23996360
26170378,26168944
23688979,23687415
20293329,20291884
35506902,35505331
21580334,21578664
28920784,28919291
16715100,16713451
43599061,43597341
17979250,17977647
29052626,29051199
31049525,31047492
28469171,28467651
27131549,27130115
28855427,28853989
22473606,22472263
24729081,24727568
23578194,23576857
36004935,36003353
26801691,26800125
21357098,21355571
24187477,24186005
32807985,32806593
27959523,27958045
23625860,23624570
26715357,26713903
42131587,42130126
30232581,30231340
23501410,23500167
24050134,24048669
33608992,33607582
28865616,28864397
33286787,33285480
20581988,20580520
24622950,24621463
24189852,24187713
73151418,73149705
39791715,39789973
20413013,20411493
24381940,24380444
20205061,20203694
31298636,31297129
18468216,18466694
29384654,29383185
36034873,36033270
21027681,21026332
24306559,24304773
29159681,29158309
17090747,17089542
22944925,22943481
26987610,26986089
23002316,23001099
23752633,23751330
16869880,16868490
24876640,24875156
23485611,23484097
24363361,24362056
23574046,23572681
17591743,17590379
31280059,31278374
30997673,30996239
23685868,23684550
23768713,23767291
24298518,24297267
29396225,29394733
24400752,24399334
26062494,26060943
28980427,28978761
17132794,17131027
24059301,24057774
40449807,40448357
31943084,31941650
23637124,23635757
31624989,31623450
26893868,26892512
26853239,26851845
17892001,17890592
31307796,31306365
28611669,28610284
31181769,31180313
26005773,26004355
30963757,30962331
20296012,20294634
24195041,24193736
18102234,18100856
20198911,20197365
26473393,26471781
25758443,25756952
21922345,21920703
25908905,25907479
23658638,23657260
19965549,19964354
11817702,11816294
26482412,26480887
37387767,37386281
24390853,24389555
24534137,24532704
24386001,24384556
21586909,21585449
23883730,23882157
20503993,20502424
28666452,28664923
28949420,28947980
23466252,23464890
29239058,29237564
17063431,17062082
17009321,17007895
26550588,26549223
28760793,28759144
23310857,23309165
31849865,31848296
19984846,19983180
24419930,24418706
29625746,29624324
23836016,23834402
25594364,25592909
23530493,23529033
20294558,20293071
23101110,23099938
29074275,29072779
55283429,55281935
25282568,25281195
21379062,21377637
21464973,21463585
27842645,27841328
17515373,17513961
28449410,28447931
23795049,23793438
24499153,24497774
26400933,26399615
16784284,16782903
29981519,29980024
24921215,24919759
29329924,29328647
31312236,31310895
17741512,17740204
33826444,33825095
26750401,26748958
19954277,19952973
29027346,29025935
25586073,25584689
31836878,31835358
14573260,14571819
21880933,21879514
24304116,24302766
28730238,28728456
20562363,20560584
23875900,23874637
25830919,25829719
20246447,20245210
20668723,20667312
23699606,23698137
23619791,23618606
30293211,30291752
28767086,28765711
31178129,31176751
24109940,24108713
30491452,30489935
32419931,32418473
24304273,24302930
28065940,28064559
13985084,13983638
31958768,31957337
23767471,23766160
54842208,54840653
28692215,28690542
27949933,27948368
24707597,24706182
31928468,31927011
17063605,17062097
17645254,17643065
23508549,23507075
20988995,20987684
28977878,28975547
30257582,30255707
28809867,28808502
23293078,23291681
35297729,35296101
23170992,23169554
25891044,25889743
25274646,25273033
30282129,30280974
22952189,22950601
18143466,18141867
31451162,31449239
20552641,20551238
18842144,18840638
13663148,13661591
29068246,29066656
27024161,27022807
14630722,14629208
20067380,20065802
29381771,29380551
17913313,17911992
26853651,26852468
30202704,30201426
29863527,29862079
30994991,30993481
26863821,26862580
13721819,13720189
24107266,24105723
26031920,26030064
14272482,14270996
29255977,29254321
20218406,20217083
14327025,14325593
14159351,14157855
24228534,24227146
23807621,23806255
27408306,27406576
27030244,27028438
17311199,17309641
23988447,23986848
26494570,26492915
16482206,16480637
23696382,23694901
26641609,26639912
19703982,19702515
16587877,16586188
20080853,20079329
20560679,20559120
35381066,35379681
21112498,21110837
26050408,26048980
24849187,24847817
16934633,16933212
25018748,25017220
24418501,24416816
24306809,24305232
20353902,20352488
23514750,23513271
21504334,21502858
30974111,30972626
25258038,25256812
24537616,24536309
62296823,62295125
26424066,26422548
21547990,21534614
17404072,17402610
24140333,24139060
35807883,35806413
23868391,23866521
21324593,21323435
23663759,23661775
27391271,27389906
19965239,19964002
17981255,17979863
25562486,25561215
29182854,29181444
23165744,23164277
24710426,24709111
20911838,20910391
23637107,23635487
23541268,23539762
22844586,22843095
29696034,29694585
28327570,28326205
24236098,24234838
42070381,42069158
25892364,25890875
28804696,28803314
32149500,32147981
14546962,14545492
29747420,29745578
23253288,23251975
20172942,20171678
29116516,29115171
26176516,26175216
12319451,12317871
24380278,24378817
