79512391,79505419
43239634,43233227
57918387,57911426
77463095,77456643
93856960,93852350
97108283,97099891
72866650,72862892
77935049,77929587
92409249,92403246
124412750,124407345
151953483,151948547
98843687,98837162
176249498,176242467
173619964,173615795
138414319,138409259
161454425,161449724
161854928,161848307
128969649,128964999
135751994,135748559
196505916,196500775
221845685,221841260
176389022,176382392
158168099,158161203
163596419,163591821
174722813,174718345
201002223,200997949
202205793,202199243
145557934,145551384
199058186,199052134
209826425,209821409
91705919,91701816
196465638,196460987
153906288,153900289
175547012,175542322
100542482,100537455
206593393,206588257
190904805,190901438
217721591,217717814
175014118,175007629
178794137,178788817
176586418,176581550
101955817,101950725
227972901,227966279
132204297,132196901
205978774,205972603
155298235,155294732
148063331,148059983
263393749,263388074
192261579,192255000
144240787,144236898
137945151,137940153
237936941,237932100
92093881,92088397
108762210,108758014
149415121,149411184
124034204,124029707
198580750,198575319
121087001,121082533
203870102,203864606
162101905,162097468
69854765,69848677
282535334,282531367
166010786,166005233
245491063,245485858
199739709,199734865
277819234,277813954
128963313,128958820
157389489,157383469
142376001,142370298
134951706,134947106
346303386,346297874
161474472,161469003
220229615,220223701
163734486,163729899
213103152,213099312
186424749,186419032
165987084,165980445
202635208,202629722
176536421,176531574
236927150,236922939
145867048,145862318
249336704,249331661
245410756,245403709
223431886,223427626
250701770,250697723
204944056,204939410
373432406,373428031
281788782,281780224
164100060,164096802
220590739,220585834
121382281,121377764
99163468,99148869
154101429,154096844
236158564,236152607
242852031,242848284
251909954,251906223
309590976,309586268
158269746,158263321
183831421,183826564
53343171,53337069
200503963,200500113
205164870,205160961
207701263,207694632
135433932,135429849
178746569,178741545
208388351,208384757
221383825,221378988
192161078,192155078
125370284,125365300
271262973,271257294
216497651,216493051
210988878,210985674
210109112,210105705
154847211,154841888
106698712,106694615
183498698,183492117
220313466,220309285
240468076,240464526
165529336,165524739
203901309,203895222
173551705,173547770
126272644,126268761
141532068,141528218
333631663,333626243
108185755,108181598
173490810,173486278
190352420,190346856
199428750,199425633
93498245,93492584
235524975,235519075
134851231,134847630
151870630,151867155
224733928,224728879
153431876,153425755
109551537,109547213
143781681,143776898
132798573,132793408
170034787,170030040
264519550,264515026
69036370,69030184
203519673,203514933
150034531,150029997
193243734,193238117
130792859,130788640
182931253,182925730
220932852,220927400
125615775,125609585
251841401,251837065
200902520,200897990
86028116,86022790
170506946,170502191
61322518,61315606
188134816,188129062
348444979,348438708
182815835,182810312
554691511,554686394
569201640,569197369
702247795,702243033
232927194,232922095
336465794,336460758
265881333,265875014
463238870,463232764
292703425,292697864
172926845,172920859
171962007,171958337
126534659,126528683
122299853,122293295
140280084,140274476
149818382,149812405
180842382,180835347
165567735,165562356
86266325,86260557
196951298,196944728
129512313,129507651
152056175,152049446
207473613,207468221
41620201,41614696
144089419,144084144
214201570,214195799
254400180,254393518
190339220,190332896
151508623,151502877
61917704,61910739
147695323,147690175
254804518,254799525
211905051,211899757
125037144,125030760
142033458,142028075
165380142,165374681
76319531,76312683
273807309,273803877
271470655,271463431
172442376,172436786
199518728,199513204
187520040,187513397
117514200,117507724
66146037,66141419
84755048,84748949
151476690,151471746
132054694,132049766
168090215,168085208
57396736,57390276
244289290,244282858
174824199,174819081
155863128,155857780
135582811,135576647
168771599,168765424
104838685,104831743
358831683,358826399
92314333,92308944
157949219,157942516
174044519,174037614
163955375,163950658
166763484,166758946
141688222,141682515
165379194,165372576
85840745,85834357
161404496,161398944
235071430,235052640
349997401,349991426
288975558,288969636
200424829,200420456
327607436,327601990
146341176,146329315
180888299,180884183
187356890,187350299
192164558,192159115
201908962,201904534
174807040,174802050
156855664,156849298
321039490,321033758
234263007,234257965
194738981,194731578
184405500,184395053
216507463,216501725
274729242,274723766
303236599,303232141
198804792,198800165
188673476,188670176
245378153,245374253
44566000,44549509
192265127,192259377
182712842,182708009
234017570,234014296
193949658,193945856
181824957,181816723
163538816,163533046
67182659,67177531
175935963,175929371
176079742,176074359
104240038,104235252
160236087,160231250
185820828,185817503
174254377,174248576
92649933,92644097
199946015,199941134
163019992,163013628
151087492,151080350
175178985,175174395
179176760,179170729
245699582,245693608
167237751,167232454
239767466,239760128
265080420,265073725
58788128,58781643
217169479,217164523
224307157,224301950
168303466,168298155
175471541,175467698
155147915,155142703
199244015,199239851
220002184,219996030
146468122,146462781
137346799,137342054
169268393,169263225
170762966,170757941
178864486,178861155
207781189,207776186
102469352,102465363
110046434,110043124
207109424,207103047
223016094,223009750
179341868,179334034
115675621,115670579
65138932,65134681
231416205,231411827
172525628,172519054
146194877,146191713
192635942,192629544
237649653,237645213
101454314,101449206
245692193,245686315
152430540,152427106
222848654,222843139
170467131,170459789
155608269,155604390
255430344,255425126
107450504,107446256
236801888,236797207
223948400,223942615
173180228,173175878
150632804,150628536
290492709,290488778
214324521,214319706
173522677,173515537
210048261,210044545
179650799,179644766
175407273,175400424
210468055,210461389
141535013,141529793
232448597,232442795
167942097,167934677
82167644,82162987
121243387,121238720
193468190,193463136
255214845,255209998
242970483,242966488
103533160,103527971
178986997,178982616
109285048,109279156
156850807,156844911
218040950,218035950
267824981,267819962
191497249,191492523
242383551,242378575
165039765,165035354
355567249,355561785
214955860,214951363
176150414,176144476
141534531,141529588
169624254,169619650
175833093,175827623
178196206,178191035
226750070,226746339
246446134,246441115
150935607,150931382
32911398,32906955
119823835,119819202
67171242,67166397
215994354,215986599
201364182,201360683
223882795,223878884
132112457,132106327
115900228,115894162
51883052,51879097
91396889,91391002
213644339,213639203
108250410,108245162
152782807,152776357
130142515,130137036
98457932,98451376
269483668,269472493
138834433,138829163
197615394,197610865
221662184,221656424
186773131,186767681
182683557,182677495
91417127,91411555
156650801,156646046
165639592,165635397
193795337,193789567
239185185,239179660
259367273,259363320
182627220,182623097
126698847,126694160
146569431,146564163
177281801,177278361
137751367,137746614
186333296,186328874
198464934,198460773
113303722,113300330
129612676,129606597
115669320,115664893
133945823,133941586
296379275,296373881
118498649,118491658
281333208,281328438
206195194,206189827
180784805,180780396
193578200,193574263
191155729,191151381
130121562,130116093
156530773,156527504
168309021,168303854
199480377,199476387
121746718,121740542
157786780,157782829
159188137,159182425
59582956,59579588
151782838,151778348
189018014,189014031
237052067,237046164
176147594,176129156
219837003,219831826
142112845,142106714
241262049,241256334
166373985,166368914
332657622,332652095
153839650,153835327
77453188,77449244
259796899,259791227
193860563,193854906
173321757,173317757
222719554,222716583
162808135,162802578
132370504,132364762
133878393,133872036
90056979,90051184
204538718,204534124
175651333,175645598
79656995,79646553
153195835,153187591
209186336,209180762
141089717,141083827
253043351,253038117
87610697,87605894
97514858,97511406
87072120,87068981
218465956,218448166
192278148,192271716
126418166,126413829
167599447,167593422
211703196,211698589
169105438,169099841
178903424,178898579
72071099,72066075
75523576,75517501
143469357,143464282
196156962,196153130
204433606,204428445
187277006,187273471
226775938,226771098
266344732,266340366
243442809,243439028
302856954,302853371
315663011,315658683
173050344,173044349
149319865,149313667
129639859,129635915
191862643,191857139
292658416,292652913
222377294,222372120
164443657,164436862
94427645,94423083
138793826,138787294
177405019,177386772
286652890,286647193
61147668,61142899
125675103,125669382
212620508,212614371
196819494,196814296
179844825,179838918
230426307,230420612
200808130,200804232
382741709,382738591
154841787,154836289
126662217,126655446
213349712,213343097
156463593,156456806
202135537,202131598
239608839,239603644
328725456,328720302
74532488,74525979
141957953,141952347
171373006,171367799
165661395,165658291
242300035,242294488
184986433,184979865
111845612,111840043
185570435,185564356
226104792,226098652
215291419,215285752
136223164,136218170
38019557,38016068
135115597,135111158
225182305,225176725
218674576,218671431
165508338,165503732
152513425,152508388
295585218,295580673
167794097,167790874
178069436,178066236
248295756,248290385
141051456,141044848
170789442,170785017
119068573,119062306
273152867,273147217
253648999,253643510
189290913,189285752
166295599,166290334
93544155,93540197
122830273,122825326
83099710,83095577
235791147,235785793
172347483,172343270
143491601,143485776
164077392,164073598
172268806,172264890
195353369,195348589
197724578,197719874
213918315,213914000
217583806,217578311
187706454,187702064
252858158,252853562
134530229,134525771
103454106,103450657
117795678,117790353
193558065,193552968
56890661,56886270
136358158,136351443
129099095,129095042
215417588,215414239
243418520,243414630
130789415,130781450
151166152,151160572
201502016,201484169
198988268,198983792
230425971,230422729
85208198,85202442
109730984,109726806
212503398,212496519
160530766,160527623
204128222,204122495
134359694,134354228
129420992,129415176
205993883,205988443
139823053,139818637
174530328,174526269
237191864,237188789
175667084,175661016
162694449,162689478
115651554,115646872
124615514,124611477
160984672,160980156
137603690,137599467
209287222,209280779
206389234,206384994
63852418,63848922
206218630,206212704
180868395,180864657
200765787,200759428
209019928,209016394
152933813,152930018
224661320,224656348
210875240,210870248
205849390,205843894
111214867,111208801
215198107,215191128
221403151,221398398
109648020,109642332
184367226,184361958
105226171,105220217
163232510,163227082
107612187,107606565
84521388,84516240
243174964,243169892
108047406,108042620
100354488,100350940
225804030,225798487
117380074,117374544
211523789,211519516
186186355,186181116
85041897,85036092
122159610,122154224
194152889,194147109
187736091,187731598
178959470,178953704
145881593,145876123
188145225,188140426
227520830,227517009
126292957,126289645
112328452,112323245
234288402,234282998
175524422,175519780
129153926,129148358
182455286,182451867
182705813,182701888
83599549,83595271
180696642,180692117
232326929,232321958
225926303,225923330
244672309,244668974
120973120,120967996
292304763,292300908
113227746,113221180
197230162,197225450
189023921,189020947
189908483,189905520
196010707,196007322
153054194,153048112
217803412,217798277
168353840,168350892
214845828,214840322
247937243,247933658
170177601,170173178
178259327,178253967
161380758,161376360
191016985,191012490
214414412,214411153
268606945,268602982
158414917,158410189
112110430,112107231
99762531,99759279
152811312,152804215
160763527,160758080
198804971,198796471
354567351,354562450
78992166,78988802
168353484,168349446
253005697,252999425
97287446,97282098
181557958,181553751
157813431,157810432
247901306,247896400
157109608,157104290
168970621,168966319
229682484,229676551
157161289,157157263
278468974,278464781
179316734,179312663
173023751,173017921
183275266,183268620
172337555,172331007
231662635,231659638
246236230,246232902
96263722,96257555
217753963,217748334
147988366,147983808
142235883,142230243
257354933,257348201
101547562,101542156
180478082,180472949
220471094,220466048
316920817,316917596
138892629,138887090
219903489,219898746
228600558,228595957
223880117,223876799
221583851,221578621
128675223,128669517
112274072,112270519
112379761,112374349
347909298,347904576
235058971,235055674
179269739,179265499
141078345,141073173
177775206,177767628
182959987,182952958
302588037,302580951
176542978,176537258
186983395,186979058
243758584,243752560
230323685,230317697
216373442,216370089
165434687,165430575
220695598,220690786
121213640,121208798
242474706,242470544
105150272,105145582
127413865,127409687
116096887,116092016
141869913,141866060
120388206,120382244
235151244,235147316
237446800,237442294
311000251,310995534
229313125,229307405
145494114,145490968
107484295,107479793
172768195,172764354
145300723,145295149
174406752,174400950
166822552,166819148
209824402,209818730
52672162,52667331
148756984,148752904
64106153,64101983
231213275,231208447
174078466,174075515
244492902,244489693
126454089,126450226
223966543,223961990
149739986,149737001
181445930,181442097
195351702,195347318
171965552,171960352
200653602,200648368
89425190,89420842
162699708,162695174
206852177,206847532
128511962,128506518
241274107,241267654
289656343,289651032
319935173,319930877
206876347,206871791
258717998,258711472
94698566,94692969
303312242,303306600
437589286,437585060
217319725,217313905
312283689,312277540
273533434,273530374
195495954,195491460
165688576,165682892
251377111,251371362
160487679,160481325
103197344,103194360
206065838,206060117
242036408,242031874
124045722,124039049
177270763,177266175
212528308,212523259
112175227,112170084
111124153,111117782
99365201,99362119
116771885,116768648
201557849,201553168
81067482,81061444
104960923,104956557
175748482,175743817
166739788,166736769
125991042,125985202
103879949,103875407
325441507,325421927
177186486,177181731
225150229,225144389
172012950,172008384
170764263,170758061
156371741,156365629
116334110,116329824
200187082,200181245
150658874,150654105
177950017,177943356
181816273,181810108
144044690,144039672
128767694,128764178
191814877,191808506
147038976,147032378
143919904,143913642
155231077,155225377
233743842,233739598
203263252,203257230
147982909,147976934
158876055,158869818
281840539,281834896
76506852,76489016
213232963,213228869
120361996,120357081
122505069,122498795
264759855,264753363
149388337,149383609
144005821,144001011
149838826,149834874
264695933,264690843
141183533,141177643
185947252,185939377
229218062,229213850
265816775,265811605
130587449,130582607
107200595,107194981
230837783,230831909
197606565,197601196
228778229,228773499
138294790,138288243
101408887,101404221
198545376,198540948
290404468,290399745
190444880,190440334
51851051,51847174
327250840,327245156
184944853,184939615
118654527,118648703
238461059,238454957
73881382,73877096
334323370,334316723
221488634,221483365
172023431,172019244
172577248,172573075
134353183,134347742
233419428,233414548
148953161,148947998
95744298,95739050
135909855,135904254
217747504,217742251
138327845,138321617
200933680,200927010
308326060,308322354
144702858,144698068
175282878,175277389
225807436,225800659
228560883,228557603
103116179,103109398
76613999,76608855
100034231,100030017
185239965,185235207
138278552,138272617
172243123,172236980
175631983,175628810
165806907,165800756
170035670,170029054
162537228,162529274
152770454,152764201
274193301,274187114
185542822,185537610
150471113,150464846
240890057,240885211
194791121,194785495
196525415,196520207
148808801,148803553
146932953,146928719
107019949,107014294
250690537,250685886
150622250,150614510
76479679,76473904
169859297,169852950
294424115,294420578
107048825,107043924
167679116,167673178
118800956,118795162
190926508,190920678
134689547,134686292
183846728,183842798
174319976,174316002
226456687,226451275
61633013,61627443
112072929,112068231
110361551,110357516
177763032,177758719
211494967,211490798
152490735,152484949
223089107,223082576
249625743,249620525
273896685,273893043
164528409,164523579
237994382,237988812
160404015,160398003
150314051,150307732
218505717,218501125
214941405,214927828
175693501,175688713
141496757,141490919
168162331,168157806
185139585,185134515
97697670,97693517
148813971,148810391
176715120,176710559
98189916,98185086
208310701,208305415
235070134,235064774
215803343,215797373
257196923,257192814
95221177,95215376
215069694,215065042
167497362,167493126
255959663,255955605
174744830,174739100
164429424,164424870
182062461,182058002
169318514,169313201
326554973,326550061
157238315,157231968
137714204,137708201
194015594,194010097
131396998,131392885
323248155,323242865
225287965,225281301
195955918,195952720
208533703,208527198
201151691,201146347
192132003,192125716
223001117,222994331
167853283,167847089
208145678,208139203
217282126,217276854
193903136,193897579
116877697,116872857
237731543,237726135
168278447,168273384
198033197,198027220
145894763,145888846
144185377,144180064
111789924,111782758
243125253,243119198
211499713,211494478
194346780,194341820
207860882,207854518
115294879,115289669
182210621,182203780
176426162,176421585
186973443,186970110
144379795,144374193
261703155,261697674
300410479,300404987
288886771,288883663
249918095,249911922
199996030,199989820
195953018,195947047
399916035,399912584
187555630,187549304
212123851,212117770
106828405,106823743
213081884,213075848
209119104,209114939
181931551,181924682
181349078,181342418
156980445,156974230
143625044,143620351
224229677,224223117
106763018,106758558
145702039,145697456
67217822,67212270
89297847,89292837
171439541,171433332
193866623,193861958
201832112,201829057
179963900,179957366
325396977,325388250
105893547,105887425
102086483,102083358
172853041,172846593
191362148,191358866
139157194,139149922
194680382,194675266
209175958,209171569
187150395,187147056
139914665,139909424
71134789,71129594
123369868,123364290
184521934,184516597
190578080,190575244
170868293,170862046
295593100,295585978
183816353,183810497
167255063,167250260
172098101,172093982
118319932,118314620
146254009,146249212
170333623,170327874
198956118,198951697
246788436,246783323
88434607,88429873
223291722,223286019
161522259,161516510
131763475,131759864
121062347,121059186
203943549,203937393
211126906,211108015
148543484,148540216
229136056,229130205
105928150,105923562
160748275,160742852
137200662,137194480
154460152,154455953
91673790,91669737
200053564,200047139
189124089,189120687
141223293,141218914
189441683,189435905
276260965,276254927
173132632,173128312
239032866,239028569
212304775,212297395
142735879,142728781
253541018,253537640
161011347,161008141
156515700,156512171
140325368,140317760
145067740,145062536
198929626,198910183
259412663,259408003
251551694,251546107
144709729,144704346
151361953,151355029
106923088,106917342
96857105,96851452
21771175,21766541
230056465,230052613
218800795,218795325
249980507,249975868
213858548,213853653
97611489,97605693
259941157,259934584
287399677,287394069
99091003,99086479
177096996,177091880
93032766,93029221
215327505,215322787
178831178,178823848
162102406,162097271
127822152,127814989
126385101,126381470
114828319,114822659
125517941,125512713
170794076,170790359
150739043,150732395
135749568,135743068
154344411,154339151
222742097,222737392
245471130,245466651
241854301,241847871
231233509,231228176
172995551,172990436
176397564,176391000
273957660,273952027
129390514,129385915
139421985,139415203
52446141,52439908
114967591,114961393
151412290,151407999
170075246,170069483
137551324,137546455
126986574,126981381
254866931,254861221
205753688,205749213
142053205,142049713
214357406,214351849
114804467,114761962
197569809,197556265
182257606,182253625
152463575,152458568
114156738,114152464
361656986,361652108
171864179,171858289
201092523,201087731
226182872,226177087
135209030,135202748
237896624,237892497
140199229,140193814
134279768,134261590
179824698,179821342
106387784,106382960
180273474,180267684
114627918,114623807
164319927,164312930
183359268,183353610
267731166,267724466
207599287,207591133
170455546,170451523
168613775,168608962
195741232,195737880
221918935,221914405
251639344,251632342
112912344,112908957
239079601,239076412
178006224,178000402
191127936,191124515
216414770,216408583
151187463,151183164
150271523,150267125
202245787,202241322
134018191,134012492
235279658,235276002
175348127,175344606
156647177,156643188
121746970,121743514
43901432,43897345
210453262,210448734
215155097,215149334
208999580,208994357
214460618,214457623
163731618,163726997
210747763,210720285
104822159,104816635
136757971,136752334
85380237,85375562
114914004,114909776
224938471,224934406
145458924,145452493
239905429,239901518
168521278,168515547
177215626,177209859
257806592,257802375
186019756,186014339
178254997,178250326
120408858,120402364
73523815,73519068
152326707,152322308
158889567,158884847
174954567,174951171
193563376,193560197
254738903,254732175
242945879,242942742
101354980,101349977
95401774,95397616
209747733,209730254
176634793,176617199
96197299,96192712
217115683,217110799
224344755,224338110
173825702,173821426
195188716,195183670
190728752,190724449
148935755,148930936
123000343,122995335
188937617,188932958
215070809,215066100
208832455,208829688
335049115,335043917
173567095,173561993
152898075,152893564
226690882,226685141
148510078,148505619
230359253,230354193
129390878,129385656
215113020,215106681
183525420,183520647
224266014,224261330
202967668,202962890
153711822,153705523
220582879,220576810
141473442,141467601
96353385,96349132
179643658,179626204
180133384,180127182
281506024,281501653
199541493,199536575
152145520,152139949
208059218,208053383
220710587,220704653
139712207,139706106
157560292,157554852
143189213,143182248
202558017,202551299
233891419,233885776
146571754,146567728
177587146,177580551
195075851,195057883
77893464,77887917
158042016,158037532
191852707,191846566
227642172,227637600
160738758,160731834
188039756,188034952
116312704,116307202
133763441,133757309
105457845,105452274
232218700,232214160
129893030,129888149
185810035,185803332
203957636,203951838
205461259,205458043
220284900,220280193
205077885,205071584
181425814,181419853
172211158,172205847
198151461,198146523
249283140,249276085
282024846,282020003
268877134,268870223
180223562,180217354
74477601,74471504
227781471,227775223
270245249,270239580
227989780,227984367
176809993,176805689
168467569,168450762
199183600,199179021
142129420,142124484
243172650,243165886
177654653,177650412
153158625,153152261
190498839,190494365
98105855,98099358
101183978,101180467
128982920,128978329
174859075,174852710
232574639,232570348
84882053,84878039
230110494,230107546
147836458,147831888
210897858,210892285
184751726,184748455
219090219,219086039
137282531,137278463
219332268,219329113
85087534,85082292
174476507,174471114
181542092,181537163
211001914,210997457
168048388,168043865
64932648,64927782
177498924,177493949
118407042,118401338
223197511,223192388
256146952,256141243
254775176,254769732
153637594,153631413
196922606,196915803
143889723,143885464
144958022,144954026
109971811,109965284
136467162,136461368
189902014,189896611
164624567,164618036
240976013,240970148
115364220,115355527
196508456,196501824
200545554,200539399
232192890,232188105
245684070,245680776
254783641,254779456
129845955,129839120
213233530,213228655
206369761,206365053
173790524,173784506
151308175,151302588
147023291,147017590
186647471,186641904
212522434,212517059
89975125,89969463
184400714,184397459
255882528,255877903
147407679,147403210
200115235,200111308
168755415,168748861
177848585,177843068
153471128,153467728
176935912,176932493
263002169,262997466
189440061,189434383
274602921,274596790
203845806,203841558
94141907,94137344
291671141,291666842
205385377,205380849
173542100,173536620
110615041,110610566
120319277,120315440
229412925,229407214
75833519,75829059
184415489,184387138
137065105,137060509
167900659,167895612
176469132,176464668
201619295,201615340
159109646,159104011
90703840,90698908
182603107,182598681
126851695,126843908
167042111,167037899
81976692,81972024
182263390,182258907
196979835,196975152
244753021,244747737
174224010,174219235
187462854,187456565
150664349,150658122
211627273,211623182
210241051,210234767
193591786,193587831
120447910,120443258
178587327,178581340
122451653,122445918
237713098,237707784
222329183,222325473
66142623,66137200
263630243,263622591
140957413,140951136
196883985,196878254
175628979,175623699
114635728,114629711
175084368,175078868
157613234,157606511
115797181,115791302
201985115,201979693
122330817,122327245
249655789,249649306
251460377,251454034
194739483,194734366
97011878,97007376
217387957,217382652
252066720,252061687
134040246,134035236
141269995,141264305
197436928,197431484
142312951,142307895
148118627,148113181
91428749,91424207
94494011,94488538
56735066,56729715
230001037,229994634
191448318,191441812
185590798,185584532
171094230,171090081
63520619,63517088
160926313,160921850
75183380,75177467
44032101,44028336
173321207,173316893
82659902,82655850
76571744,76567081
193563837,193559108
234948290,234942898
231566618,231563621
188830097,188823842
110256097,110250972
137432492,137428802
188014437,188008373
172534639,172528370
275834491,275818790
157936824,157932876
141357922,141354155
151285958,151278183
101229111,101224106
181860835,181855200
203826387,203822379
114388914,114383440
86983899,86977929
164039680,164034489
153506159,153501130
124426028,124419966
103333504,103328853
49173895,49169628
108705351,108699639
110481818,110477806
36549301,36544750
80861268,80855120
24920761,24916457
62474198,62468749
9462599,9455291
86540463,86534650
39696645,39690756
26253853,26247625
26567570,26560607
